data/Adventfjorden/221031/Sta0003.cnv
* Sea-Bird SBE 9 Data File:
* FileName = C:\Users\CTD\Documents\AGF311-2022\sta003.hdr
* Software Version Seasave V 7.26.7.121
* Temperature SN = 2313
* Conductivity SN = 1878
* Number of Bytes Per Scan = 26
* Number of Voltage Words = 1
* Number of Scans Averaged by the Deck Unit = 1
* NMEA Latitude = 78 14.90 N
* NMEA Longitude = 015 35.16 E
* NMEA UTC (Time) = Oct 31 2022  18:00:06
** Echo Depth: 78
** UNIS Station: A9
** Operator: AMK
# nquan = 11                                
# nvalues = 74                          
# units = specified
# name 0 = scan: Scan Count
# name 1 = prDM: Pressure, Digiquartz [db]
# name 2 = t090C: Temperature [ITS-90, deg C]
# name 3 = c0mS/cm: Conductivity [mS/cm]
# name 4 = sbeox0V: Oxygen raw, SBE 43 [V]
# name 5 = sbeox0ML/L: Oxygen, SBE 43 [ml/l], WS = 2
# name 6 = sal00: Salinity, Practical [PSU]
# name 7 = sigma-t00: Density [sigma-t, kg/m^3 ]
# name 8 = svCM: Sound Velocity [Chen-Millero, m/s]
# name 9 = avgsvCM: Average Sound Velocity [Chen-Millero, m/s], minP = 20, minS = 20
# name 10 = flag: flag
# span 0 =        609,       3060       
# span 1 =      1.000,     74.000       
# span 2 =     2.3462,     3.7241       
# span 3 =  30.267731,  31.842636       
# span 4 =    -0.2349,     0.0004       
# span 5 =    -5.7901,     1.0069       
# span 6 =    33.9867,    34.4031       
# span 7 =    27.1316,    27.3394       
# span 8 =    1458.29,    1465.91       
# span 9 =       0.00,    1463.17       
# span 10 = 0.0000e+00, 0.0000e+00      
# interval = decibars: 1                
# start_time = Feb 06 2116 09:05:56 [System UTC, header]
# bad_flag = -9.990e-29
*END*
        609      1.000     2.3462  30.267731 -5.733e-08    -1.9936    33.9867    27.1323    1458.29       0.00 0.0000e+00
        691      2.000     2.3497  30.271480 -7.037e-08    -1.9937    33.9871    27.1323    1458.32       0.00 0.0000e+00
        758      3.000     2.3512  30.273393 -8.551e-08    -1.9939    33.9873    27.1324    1458.35       0.00 0.0000e+00
        817      4.000     2.3517  30.274320 -1.046e-07    -1.9941    33.9873    27.1324    1458.36       0.00 0.0000e+00
        871      5.000     2.3574  30.279368 -1.270e-07    -1.9940    33.9870    27.1316    1458.41       0.00 0.0000e+00
        914      6.000     2.3599  30.282377 -1.488e-07    -1.9942    33.9875    27.1318    1458.43       0.00 0.0000e+00
        951      7.000     2.3655  30.290131 -1.717e-07    -1.9941    33.9905    27.1338    1458.48       0.00 0.0000e+00
        989      8.000     2.3734  30.299724 -1.979e-07    -1.9939    33.9934    27.1355    1458.53       0.00 0.0000e+00
       1025      9.000     2.3761  30.302445 -2.267e-07    -1.9940    33.9934    27.1352    1458.56       0.00 0.0000e+00
       1061     10.000     2.4286  30.360444 -2.578e-07    -1.9912    34.0087    27.1431    1458.82       0.00 0.0000e+00
       1096     11.000     2.4841  30.422446 -2.923e-07    -1.9882    34.0256    27.1520    1459.10       0.00 0.0000e+00
       1130     12.000     2.5027  30.445658 -3.284e-07    -1.9874    34.0339    27.1571    1459.21       0.00 0.0000e+00
       1163     13.000     2.5281  30.475287 -3.675e-07    -1.9861    34.0429    27.1622    1459.35       0.00 0.0000e+00
       1197     14.000     2.5628  30.517986 -4.095e-07    -1.9843    34.0581    27.1714    1459.53       0.00 0.0000e+00
       1230     15.000     2.6176  30.584645 -4.542e-07    -1.9813    34.0813    27.1853    1459.82       0.00 0.0000e+00
       1263     16.000     2.6672  30.642333 -5.013e-07    -1.9787    34.0989    27.1951    1460.07       0.00 0.0000e+00
       1295     17.000     2.7089  30.690564 -5.505e-07    -1.9765    34.1133    27.2030    1460.29       0.00 0.0000e+00
       1327     18.000     2.7250  30.709021 -6.023e-07    -1.9759    34.1183    27.2056    1460.38       0.00 0.0000e+00
       1359     19.000     2.7522  30.739318 -6.566e-07    -1.9746    34.1260    27.2094    1460.52       0.00 0.0000e+00
       1390     20.000     2.7933  30.785526 -7.137e-07    -1.9725    34.1384    27.2157    1460.73    1460.73 0.0000e+00
       1421     21.000     2.8099  30.807717 -7.727e-07    -1.9717    34.1474    27.2214    1460.83    1460.74 0.0000e+00
       1453     22.000     2.8614  30.867400 -8.353e-07    -1.9690    34.1651    27.2310    1461.09    1460.75 0.0000e+00
       1484     23.000     2.9020  30.910467 -9.013e-07    -1.9670    34.1741    27.2346    1461.29    1460.77 0.0000e+00
       1516     24.000     2.9504  30.962677 -8.775e-07    -1.9645    34.1859    27.2397    1461.53    1460.81 0.0000e+00
       1548     25.000     2.9924  31.008496 -3.873e-09    -1.9624    34.1967    27.2445    1461.74    1460.84 0.0000e+00
       1580     26.000     3.0338  31.053807 7.6970e-14    -1.9604    34.2074    27.2493    1461.95    1460.89 0.0000e+00
       1611     27.000     3.1392  31.160762 -1.745e-22    -1.9551    34.2252    27.2538    1462.44    1460.94 0.0000e+00
       1642     28.000     3.2735  31.300032    -0.2349    -5.7901    34.2513    27.2621    1463.06    1461.02 0.0000e+00
       1673     29.000     3.2508  31.287652     0.0004     1.0069    34.2598    27.2710    1462.99    1461.09 0.0000e+00
       1705     30.000     3.2401  31.281192     0.0000    -1.9563    34.2628    27.2744    1462.96    1461.15 0.0000e+00
       1736     31.000     3.2458  31.289156 -4.357e-29    -1.9498    34.2658    27.2763    1463.01    1461.21 0.0000e+00
       1768     32.000     3.2400  31.285290 -8.824e-09    -2.9879    34.2667    27.2776    1463.00    1461.27 0.0000e+00
       1799     33.000     3.1982  31.245730    -0.0879    -1.2585    34.2625    27.2781    1462.84    1461.31 0.0000e+00
       1830     34.000     3.1845  31.233977    -0.0003    -1.9415    34.2622    27.2792    1462.79    1461.36 0.0000e+00
       1861     35.000     3.1905  31.240807 -9.973e-23    -1.9537    34.2636    27.2797    1462.84    1461.40 0.0000e+00
       1892     36.000     3.2304  31.281189 -5.994e-13    -3.3134    34.2697    27.2809    1463.03    1461.44 0.0000e+00
       1925     37.000     3.2998  31.351148    -0.1672    -2.2759    34.2804    27.2828    1463.36    1461.50 0.0000e+00
       1957     38.000     3.3422  31.396930    -0.0000    -0.9115    34.2903    27.2867    1463.56    1461.55 0.0000e+00
       1988     39.000     3.3412  31.398398 2.4734e-18    -1.9473    34.2926    27.2887    1463.58    1461.60 0.0000e+00
       2018     40.000     3.3553  31.415435     0.0000    -1.9460    34.2977    27.2914    1463.66    1461.65 0.0000e+00
       2048     41.000     3.4380  31.501096     0.0000    -1.9418    34.3131    27.2957    1464.05    1461.71 0.0000e+00
       2079     42.000     3.4716  31.537130     0.0000    -1.9402    34.3204    27.2983    1464.22    1461.77 0.0000e+00
       2108     43.000     3.4863  31.554034     0.0000    -1.9397    34.3247    27.3003    1464.30    1461.83 0.0000e+00
       2138     44.000     3.4834  31.552803     0.0000    -1.9401    34.3257    27.3014    1464.31    1461.89 0.0000e+00
       2168     45.000     3.4806  31.550533     0.0000    -1.9405    34.3254    27.3014    1464.31    1461.94 0.0000e+00
       2197     46.000     3.4741  31.545157     0.0000    -1.9411    34.3252    27.3019    1464.30    1461.99 0.0000e+00
       2226     47.000     3.4779  31.550523     0.0000    -1.9411    34.3271    27.3031    1464.33    1462.04 0.0000e+00
       2256     48.000     3.5000  31.573206     0.0000    -1.9402    34.3305    27.3037    1464.45    1462.09 0.0000e+00
       2286     49.000     3.4995  31.574312     0.0000    -1.9404    34.3319    27.3048    1464.46    1462.14 0.0000e+00
       2316     50.000     3.5080  31.583613     0.0000    -1.9402    34.3335    27.3053    1464.52    1462.19 0.0000e+00
       2346     51.000     3.5139  31.590416     0.0000    -1.9402    34.3349    27.3058    1464.56    1462.23 0.0000e+00
       2376     52.000     3.5272  31.604311     0.0000    -1.9397    34.3370    27.3062    1464.64    1462.28 0.0000e+00
       2406     53.000     3.5530  31.630874     0.0000    -1.9386    34.3412    27.3070    1464.77    1462.33 0.0000e+00
       2437     54.000     3.5581  31.636911     0.0000    -1.9386    34.3425    27.3075    1464.81    1462.37 0.0000e+00
       2467     55.000     3.5594  31.638604     0.0000    -1.9387    34.3426    27.3075    1464.83    1462.42 0.0000e+00
       2498     56.000     3.5583  31.638577     0.0000    -1.9390    34.3432    27.3081    1464.84    1462.46 0.0000e+00
       2528     57.000     3.5664  31.647609     0.0000    -1.9389    34.3449    27.3087    1464.89    1462.50 0.0000e+00
       2558     58.000     3.5614  31.643376     0.0000    -1.9394    34.3446    27.3089    1464.89    1462.54 0.0000e+00
       2588     59.000     3.5655  31.648440     0.0000    -1.9394    34.3458    27.3094    1464.92    1462.58 0.0000e+00
       2618     60.000     3.5832  31.667363     0.0000    -1.9387    34.3493    27.3105    1465.02    1462.62 0.0000e+00
       2649     61.000     3.5886  31.674071     0.0000    -1.9387    34.3511    27.3114    1465.06    1462.66 0.0000e+00
       2679     62.000     3.5956  31.683341     0.0000    -1.9385    34.3543    27.3132    1465.11    1462.70 0.0000e+00
       2709     63.000     3.6188  31.709059     0.0000    -1.9375    34.3601    27.3156    1465.23    1462.74 0.0000e+00
       2739     64.000     3.6288  31.721682     0.0000    -1.9372    34.3642    27.3178    1465.29    1462.78 0.0000e+00
       2769     65.000     3.6376  31.733505     0.0000    -1.9369    34.3685    27.3204    1465.35    1462.82 0.0000e+00
       2799     66.000     3.6442  31.742517     0.0000    -1.9368    34.3718    27.3224    1465.40    1462.86 0.0000e+00
       2830     67.000     3.6543  31.755373     0.0000    -1.9365    34.3760    27.3248    1465.47    1462.90 0.0000e+00
       2861     68.000     3.6593  31.762276     0.0000    -1.9364    34.3785    27.3262    1465.51    1462.94 0.0000e+00
       2891     69.000     3.6792  31.786673     0.0000    -1.9356    34.3862    27.3304    1465.62    1462.98 0.0000e+00
       2923     70.000     3.7009  31.813025     0.0000    -1.9346    34.3943    27.3347    1465.74    1463.02 0.0000e+00
       2956     71.000     3.7128  31.827843     0.0000    -1.9342    34.3989    27.3372    1465.81    1463.06 0.0000e+00
       2989     72.000     3.7166  31.832948     0.0000    -1.9342    34.4005    27.3381    1465.84    1463.09 0.0000e+00
       3023     73.000     3.7209  31.838482     0.0000    -1.9343    34.4020    27.3389    1465.88    1463.13 0.0000e+00
       3060     74.000     3.7241  31.842636     0.0000    -1.9343    34.4031    27.3394    1465.91    1463.17 0.0000e+00
