HM=15;	       % mixed layer depth
TS=-1.548800;  % Temperature - surface mixed layer
SS=30.828100;  % Salinity - surface mixed layer

TMP1=[...
0.00	-1.548800	30.828100	0.000000	0.000000
2.00	-1.548800	30.828100	0.000000	0.000000
4.00	-1.548800	30.828100	0.000000	0.000000
6.00	-1.548800	30.828100	0.000000	0.000000
8.00	-1.548800	30.828100	0.000000	0.000000
10.00	-1.548800	30.828100	0.000000	0.000000
12.00	-1.548800	30.828100	0.000000	0.000000
14.00	-1.548800	30.828100	0.000000	0.000000
16.00	-1.539500	31.146900	0.000000	0.000000
18.00	-1.560000	31.754600	0.000000	0.000000
20.00	-1.565500	31.754600	0.000000	0.000000
22.00	-1.582500	31.754700	0.000000	0.000000
24.00	-1.598200	31.754900	0.000000	0.000000
26.00	-1.611200	31.755700	0.000000	0.000000
28.00	-1.621700	31.757500	0.000000	0.000000
30.00	-1.629600	31.760800	0.000000	0.000000
32.00	-1.634100	31.767000	0.000000	0.000000
34.00	-1.634100	31.777500	0.000000	0.000000
36.00	-1.628200	31.794400	0.000000	0.000000
38.00	-1.613100	31.820200	0.000000	0.000000
40.00	-1.586700	31.856800	0.000000	0.000000
42.00	-1.551700	31.903400	0.000000	0.000000
44.00	-1.505900	31.960000	0.000000	0.000000
46.00	-1.457600	32.021600	0.000000	0.000000
48.00	-1.431100	32.077500	0.000000	0.000000
50.00	-1.405500	32.133900	0.000000	0.000000
52.00	-1.378800	32.189400	0.000000	0.000000
54.00	-1.352300	32.242200	0.000000	0.000000
56.00	-1.327200	32.291200	0.000000	0.000000
58.00	-1.303800	32.336500	0.000000	0.000000
60.00	-1.282100	32.378800	0.000000	0.000000
62.00	-1.261400	32.418900	0.000000	0.000000
64.00	-1.241200	32.457700	0.000000	0.000000
66.00	-1.220900	32.495800	0.000000	0.000000
68.00	-1.200200	32.533500	0.000000	0.000000
70.00	-1.178800	32.571000	0.000000	0.000000
72.00	-1.156700	32.608300	0.000000	0.000000
74.00	-1.133800	32.645400	0.000000	0.000000
76.00	-1.110100	32.682300	0.000000	0.000000
78.00	-1.085800	32.719000	0.000000	0.000000
80.00	-1.060900	32.755300	0.000000	0.000000
82.00	-1.035500	32.791400	0.000000	0.000000
84.00	-1.009900	32.827200	0.000000	0.000000
86.00	-0.984200	32.862600	0.000000	0.000000
88.00	-0.958300	32.897700	0.000000	0.000000
90.00	-0.932600	32.932400	0.000000	0.000000
92.00	-0.906900	32.966800	0.000000	0.000000
94.00	-0.881300	33.000800	0.000000	0.000000
96.00	-0.855900	33.034300	0.000000	0.000000
98.00	-0.830500	33.067500	0.000000	0.000000
100.00	-0.805300	33.100300	0.000000	0.000000
102.00	-0.780200	33.132700	0.000000	0.000000
104.00	-0.755100	33.164600	0.000000	0.000000
106.00	-0.730100	33.196200	0.000000	0.000000
108.00	-0.705100	33.227400	0.000000	0.000000
110.00	-0.680200	33.258100	0.000000	0.000000
112.00	-0.655400	33.288400	0.000000	0.000000
114.00	-0.630600	33.318300	0.000000	0.000000
116.00	-0.605900	33.347800	0.000000	0.000000
118.00	-0.581300	33.376900	0.000000	0.000000
120.00	-0.556700	33.405600	0.000000	0.000000
122.00	-0.532200	33.433900	0.000000	0.000000
124.00	-0.507900	33.461700	0.000000	0.000000
126.00	-0.483600	33.489200	0.000000	0.000000
128.00	-0.459500	33.516200	0.000000	0.000000
130.00	-0.435500	33.542800	0.000000	0.000000
132.00	-0.411600	33.569000	0.000000	0.000000
134.00	-0.387900	33.594800	0.000000	0.000000
136.00	-0.364300	33.620200	0.000000	0.000000
138.00	-0.340900	33.645200	0.000000	0.000000
140.00	-0.317600	33.669800	0.000000	0.000000
142.00	-0.294500	33.694000	0.000000	0.000000
144.00	-0.271600	33.717800	0.000000	0.000000
146.00	-0.248800	33.741100	0.000000	0.000000
148.00	-0.226200	33.764100	0.000000	0.000000
150.00	-0.203800	33.786700	0.000000	0.000000
152.00	-0.181600	33.808900	0.000000	0.000000
154.00	-0.159500	33.830700	0.000000	0.000000
156.00	-0.137700	33.852200	0.000000	0.000000
158.00	-0.116000	33.873200	0.000000	0.000000
160.00	-0.094500	33.893900	0.000000	0.000000
162.00	-0.073300	33.914200	0.000000	0.000000
164.00	-0.052200	33.934100	0.000000	0.000000
166.00	-0.031400	33.953700	0.000000	0.000000
168.00	-0.010800	33.972900	0.000000	0.000000
170.00	0.009500	33.991700	0.000000	0.000000
172.00	0.029600	34.010200	0.000000	0.000000
174.00	0.049500	34.028400	0.000000	0.000000
176.00	0.069100	34.046200	0.000000	0.000000
178.00	0.088500	34.063600	0.000000	0.000000
180.00	0.107700	34.080700	0.000000	0.000000
182.00	0.126600	34.097500	0.000000	0.000000
184.00	0.145300	34.113900	0.000000	0.000000
186.00	0.163700	34.130000	0.000000	0.000000
188.00	0.181900	34.145800	0.000000	0.000000
190.00	0.199900	34.161300	0.000000	0.000000
192.00	0.217600	34.176400	0.000000	0.000000
194.00	0.235100	34.191300	0.000000	0.000000
196.00	0.252300	34.205800	0.000000	0.000000
198.00	0.269300	34.220000	0.000000	0.000000
200.00	0.286000	34.234000	0.000000	0.000000
202.00	0.302400	34.247600	0.000000	0.000000
204.00	0.318500	34.261000	0.000000	0.000000
206.00	0.334500	34.274100	0.000000	0.000000
208.00	0.350100	34.286900	0.000000	0.000000
210.00	0.365600	34.299400	0.000000	0.000000
212.00	0.380800	34.311600	0.000000	0.000000
214.00	0.395800	34.323600	0.000000	0.000000
216.00	0.410500	34.335400	0.000000	0.000000
218.00	0.425000	34.346800	0.000000	0.000000
220.00	0.439300	34.358100	0.000000	0.000000
222.00	0.453300	34.369000	0.000000	0.000000
224.00	0.467000	34.379800	0.000000	0.000000
226.00	0.480500	34.390300	0.000000	0.000000
228.00	0.493700	34.400500	0.000000	0.000000
230.00	0.506700	34.410500	0.000000	0.000000
232.00	0.519500	34.420300	0.000000	0.000000
234.00	0.532100	34.429900	0.000000	0.000000
236.00	0.544500	34.439300	0.000000	0.000000
238.00	0.556700	34.448400	0.000000	0.000000
240.00	0.568600	34.457400	0.000000	0.000000
242.00	0.580300	34.466100	0.000000	0.000000
244.00	0.591700	34.474600	0.000000	0.000000
246.00	0.602900	34.483000	0.000000	0.000000
248.00	0.613900	34.491100	0.000000	0.000000
250.00	0.624600	34.499000	0.000000	0.000000
252.00	0.635100	34.506800	0.000000	0.000000
254.00	0.645500	34.514400	0.000000	0.000000
256.00	0.655600	34.521800	0.000000	0.000000
258.00	0.665600	34.529000	0.000000	0.000000
260.00	0.675400	34.536100	0.000000	0.000000
262.00	0.685100	34.542900	0.000000	0.000000
264.00	0.694500	34.549700	0.000000	0.000000
266.00	0.703800	34.556200	0.000000	0.000000
268.00	0.712900	34.562700	0.000000	0.000000
270.00	0.721800	34.568900	0.000000	0.000000
272.00	0.730500	34.575000	0.000000	0.000000
274.00	0.738900	34.581000	0.000000	0.000000
276.00	0.747200	34.586800	0.000000	0.000000
278.00	0.755200	34.592400	0.000000	0.000000
280.00	0.763100	34.598000	0.000000	0.000000
282.00	0.770700	34.603300	0.000000	0.000000
284.00	0.778200	34.608600	0.000000	0.000000
286.00	0.785600	34.613700	0.000000	0.000000
288.00	0.792800	34.618700	0.000000	0.000000
290.00	0.799800	34.623600	0.000000	0.000000
292.00	0.806700	34.628400	0.000000	0.000000
294.00	0.813500	34.633000	0.000000	0.000000
296.00	0.820100	34.637500	0.000000	0.000000
298.00	0.826600	34.641900	0.000000	0.000000
300.00	0.832900	34.646200	0.000000	0.000000
];

