data/CTD/Adventfjorden/221103/Sta0097.cnv
* Sea-Bird SBE 9 Data File:
* FileName = C:\Users\CTD\Documents\AGF311-2022\sta0097.hdr
* Software Version Seasave V 7.26.7.121
* Temperature SN = 2313
* Conductivity SN = 1878
* Number of Bytes Per Scan = 26
* Number of Voltage Words = 1
* Number of Scans Averaged by the Deck Unit = 1
* NMEA Latitude = 78 16.23 N
* NMEA Longitude = 015 34.46 E
* NMEA UTC (Time) = Nov 03 2022  08:41:35
** Echo Depth: 44
** UNIS Station: A7
** Operator: RE
# nquan = 11                                
# nvalues = 35                          
# units = specified
# name 0 = scan: Scan Count
# name 1 = prDM: Pressure, Digiquartz [db]
# name 2 = t090C: Temperature [ITS-90, deg C]
# name 3 = c0mS/cm: Conductivity [mS/cm]
# name 4 = sbeox0V: Oxygen raw, SBE 43 [V]
# name 5 = sbeox0ML/L: Oxygen, SBE 43 [ml/l], WS = 2
# name 6 = sal00: Salinity, Practical [PSU]
# name 7 = sigma-t00: Density [sigma-t, kg/m^3 ]
# name 8 = svCM: Sound Velocity [Chen-Millero, m/s]
# name 9 = avgsvCM: Average Sound Velocity [Chen-Millero, m/s], minP = 20, minS = 20
# name 10 = flag: flag
# span 0 =        442,       2155       
# span 1 =      1.000,     35.000       
# span 2 =     1.7122,     3.1335       
# span 3 =  29.470286,  31.156422       
# span 4 =     0.3706,     0.5440       
# span 5 =    -0.5433,     0.1294       
# span 6 =    33.6473,    34.2215       
# span 7 =    26.9080,    27.2514       
# span 8 =    1455.15,    1462.54       
# span 9 =       0.00,    1459.18       
# span 10 = 0.0000e+00, 0.0000e+00      
# interval = decibars: 1                
# start_time = Nov 03 2022 08:42:53 [System UTC, header]
# bad_flag = -9.990e-29
*END*
        442      1.000     1.7300  29.470286     0.5440     0.1294    33.6473    26.9080    1455.15       0.00 0.0000e+00
        485      2.000     1.7352  29.478739     0.5355     0.0419    33.6518    26.9113    1455.19       0.00 0.0000e+00
        533      3.000     1.7370  29.495517     0.5207     0.0057    33.6704    26.9261    1455.24       0.00 0.0000e+00
        582      4.000     1.7346  29.483765     0.5034    -0.2285    33.6576    26.9160    1455.23       0.00 0.0000e+00
        629      5.000     1.7369  29.511589     0.4858    -0.0266    33.6897    26.9415    1455.30       0.00 0.0000e+00
        676      6.000     1.7389  29.514725     0.4879    -0.0419    33.6909    26.9424    1455.32       0.00 0.0000e+00
        727      7.000     1.7310  29.508435     0.4846    -0.0255    33.6909    26.9429    1455.31       0.00 0.0000e+00
        777      8.000     1.7134  29.494923     0.4822    -0.0678    33.6921    26.9452    1455.25       0.00 0.0000e+00
        830      9.000     1.7122  29.498578     0.4822    -0.0321    33.6974    26.9495    1455.26       0.00 0.0000e+00
        881     10.000     1.7702  29.570980     0.4937     0.0370    33.7261    26.9683    1455.57       0.00 0.0000e+00
        930     11.000     1.8631  29.679471     0.4775    -0.2360    33.7626    26.9907    1456.05       0.00 0.0000e+00
        984     12.000     1.9074  29.734221     0.4665    -0.1523    33.7834    27.0040    1456.29       0.00 0.0000e+00
       1040     13.000     1.9248  29.757054     0.4603    -0.2142    33.7929    27.0103    1456.39       0.00 0.0000e+00
       1092     14.000     1.9429  29.779100     0.4546    -0.0856    33.8006    27.0151    1456.50       0.00 0.0000e+00
       1144     15.000     1.9705  29.814206     0.4571    -0.3008    33.8146    27.0242    1456.65       0.00 0.0000e+00
       1195     16.000     1.9898  29.841106     0.4453    -0.1933    33.8271    27.0327    1456.77       0.00 0.0000e+00
       1247     17.000     2.0680  29.937973     0.4395    -0.2997    33.8641    27.0564    1457.18       0.00 0.0000e+00
       1297     18.000     2.1748  30.058360     0.4299    -0.3864    33.8997    27.0765    1457.71       0.00 0.0000e+00
       1346     19.000     2.2667  30.169630     0.4104    -0.5223    33.9396    27.1010    1458.18       0.00 0.0000e+00
       1396     20.000     2.2657  30.174527     0.3927    -0.5290    33.9461    27.1064    1458.20    1458.20 0.0000e+00
       1447     21.000     2.2644  30.181931     0.3855    -0.4912    33.9562    27.1145    1458.22    1458.20 0.0000e+00
       1498     22.000     2.2598  30.185760     0.3745    -0.5433    33.9653    27.1222    1458.23    1458.20 0.0000e+00
       1549     23.000     2.3214  30.265513     0.3737    -0.4796    33.9980    27.1434    1458.56    1458.22 0.0000e+00
       1599     24.000     2.4002  30.360526     0.3745    -0.4756    34.0312    27.1635    1458.96    1458.25 0.0000e+00
       1649     25.000     2.5263  30.503951     0.3754    -0.4630    34.0735    27.1868    1459.58    1458.30 0.0000e+00
       1699     26.000     2.6166  30.606101     0.3761    -0.4469    34.1026    27.2024    1460.02    1458.37 0.0000e+00
       1747     27.000     2.6882  30.682650     0.3764    -0.5029    34.1200    27.2101    1460.37    1458.44 0.0000e+00
       1797     28.000     2.7449  30.742389     0.3735    -0.4973    34.1325    27.2152    1460.65    1458.52 0.0000e+00
       1847     29.000     2.8249  30.826790     0.3720    -0.4876    34.1503    27.2224    1461.03    1458.60 0.0000e+00
       1897     30.000     2.8814  30.889111     0.3717    -0.4873    34.1660    27.2299    1461.31    1458.69 0.0000e+00
       1948     31.000     2.9575  30.969473     0.3710    -0.4926    34.1828    27.2365    1461.67    1458.79 0.0000e+00
       1997     32.000     2.9978  31.013108     0.3706    -0.4901    34.1927    27.2408    1461.87    1458.89 0.0000e+00
       2047     33.000     3.0374  31.054881     0.3715    -0.4586    34.2010    27.2439    1462.07    1458.98 0.0000e+00
       2098     34.000     3.0728  31.094429     0.3740    -0.4665    34.2111    27.2487    1462.25    1459.08 0.0000e+00
       2155     35.000     3.1335  31.156422     0.3739    -0.4788    34.2215    27.2514    1462.54    1459.18 0.0000e+00
