data/CTD/Adventfjorden/221103/Sta0100.cnv
* Sea-Bird SBE 9 Data File:
* FileName = C:\Users\CTD\Documents\AGF311-2022\sta0100.hdr
* Software Version Seasave V 7.26.7.121
* Temperature SN = 2313
* Conductivity SN = 1878
* Number of Bytes Per Scan = 26
* Number of Voltage Words = 1
* Number of Scans Averaged by the Deck Unit = 1
* NMEA Latitude = 78 15.26 N
* NMEA Longitude = 015 30.46 E
* NMEA UTC (Time) = Nov 03 2022  09:47:02
** Echo Depth: 52
** UNIS Station: A4
** Operator: AMBH
# nquan = 11                                
# nvalues = 42                          
# units = specified
# name 0 = scan: Scan Count
# name 1 = prDM: Pressure, Digiquartz [db]
# name 2 = t090C: Temperature [ITS-90, deg C]
# name 3 = c0mS/cm: Conductivity [mS/cm]
# name 4 = sbeox0V: Oxygen raw, SBE 43 [V]
# name 5 = sbeox0ML/L: Oxygen, SBE 43 [ml/l], WS = 2
# name 6 = sal00: Salinity, Practical [PSU]
# name 7 = sigma-t00: Density [sigma-t, kg/m^3 ]
# name 8 = svCM: Sound Velocity [Chen-Millero, m/s]
# name 9 = avgsvCM: Average Sound Velocity [Chen-Millero, m/s], minP = 20, minS = 20
# name 10 = flag: flag
# span 0 =        414,       2563       
# span 1 =      1.000,     42.000       
# span 2 =     1.8072,     4.0418       
# span 3 =  29.596370,  32.225556       
# span 4 =     0.3708,     0.3862       
# span 5 =    -0.4784,    -0.4019       
# span 6 =    33.7213,    34.5421       
# span 7 =    26.9617,    27.4175       
# span 8 =    1455.65,    1466.89       
# span 9 =       0.00,    1460.65       
# span 10 = 0.0000e+00, 0.0000e+00      
# interval = decibars: 1                
# start_time = Nov 03 2022 09:48:20 [System UTC, header]
# bad_flag = -9.990e-29
*END*
        414      1.000     1.8209  29.608903     0.3826    -0.4509    33.7247    26.9634    1455.65       0.00 0.0000e+00
        495      2.000     1.8206  29.608725     0.3827    -0.4510    33.7242    26.9631    1455.66       0.00 0.0000e+00
        572      3.000     1.8209  29.609118     0.3832    -0.4520    33.7238    26.9627    1455.68       0.00 0.0000e+00
        639      4.000     1.8138  29.602200     0.3826    -0.4557    33.7221    26.9619    1455.66       0.00 0.0000e+00
        698      5.000     1.8072  29.596370     0.3825    -0.4576    33.7213    26.9617    1455.65       0.00 0.0000e+00
        754      6.000     1.8112  29.608030     0.3825    -0.4612    33.7311    26.9693    1455.70       0.00 0.0000e+00
        811      7.000     1.8445  29.653507     0.3814    -0.4475    33.7521    26.9837    1455.89       0.00 0.0000e+00
        869      8.000     1.8882  29.709393     0.3834    -0.4458    33.7751    26.9988    1456.13       0.00 0.0000e+00
        928      9.000     1.9057  29.731601     0.3841    -0.4428    33.7837    27.0044    1456.23       0.00 0.0000e+00
        987     10.000     1.9817  29.823969     0.3843    -0.4412    33.8177    27.0258    1456.62       0.00 0.0000e+00
       1044     11.000     2.0439  29.903321     0.3847    -0.4398    33.8500    27.0469    1456.96       0.00 0.0000e+00
       1098     12.000     2.0751  29.943108     0.3845    -0.4493    33.8658    27.0571    1457.13       0.00 0.0000e+00
       1150     13.000     2.1039  29.978315     0.3839    -0.4485    33.8784    27.0650    1457.29       0.00 0.0000e+00
       1202     14.000     2.1180  29.995616     0.3831    -0.4558    33.8844    27.0687    1457.37       0.00 0.0000e+00
       1255     15.000     2.1411  30.023205     0.3824    -0.4570    33.8936    27.0742    1457.50       0.00 0.0000e+00
       1308     16.000     2.1672  30.055477     0.3822    -0.4496    33.9054    27.0816    1457.65       0.00 0.0000e+00
       1360     17.000     2.1739  30.064655     0.3823    -0.4522    33.9091    27.0841    1457.70       0.00 0.0000e+00
       1410     18.000     2.2036  30.107030     0.3822    -0.4488    33.9296    27.0981    1457.87       0.00 0.0000e+00
       1459     19.000     2.2493  30.172536     0.3827    -0.4409    33.9618    27.1202    1458.13       0.00 0.0000e+00
       1509     20.000     2.2685  30.196843     0.3832    -0.4489    33.9709    27.1260    1458.24    1458.24 0.0000e+00
       1557     21.000     2.2822  30.214425     0.3828    -0.4529    33.9776    27.1302    1458.33    1458.25 0.0000e+00
       1604     22.000     2.3509  30.294755     0.3821    -0.4500    34.0034    27.1453    1458.68    1458.27 0.0000e+00
       1653     23.000     2.4268  30.382395     0.3831    -0.4339    34.0304    27.1607    1459.06    1458.30 0.0000e+00
       1702     24.000     2.4398  30.399459     0.3834    -0.4447    34.0371    27.1649    1459.14    1458.33 0.0000e+00
       1749     25.000     2.4581  30.420711     0.3833    -0.4472    34.0433    27.1684    1459.24    1458.37 0.0000e+00
       1797     26.000     2.4835  30.449678     0.3827    -0.4489    34.0515    27.1728    1459.38    1458.41 0.0000e+00
       1843     27.000     2.4900  30.457825     0.3823    -0.4550    34.0541    27.1743    1459.43    1458.45 0.0000e+00
       1891     28.000     2.5902  30.567536     0.3815    -0.4483    34.0821    27.1883    1459.91    1458.50 0.0000e+00
       1938     29.000     2.7082  30.695496     0.3825    -0.4347    34.1134    27.2031    1460.48    1458.57 0.0000e+00
       1986     30.000     2.8639  30.859555     0.3828    -0.4383    34.1484    27.2175    1461.21    1458.66 0.0000e+00
       2035     31.000     3.1122  31.145935     0.3841    -0.4179    34.2336    27.2630    1462.40    1458.78 0.0000e+00
       2084     32.000     3.4663  31.543960     0.3862    -0.4019    34.3398    27.3143    1464.06    1458.94 0.0000e+00
       2131     33.000     3.6087  31.706294     0.3862    -0.4324    34.3839    27.3356    1464.73    1459.12 0.0000e+00
       2179     34.000     3.7439  31.865060     0.3837    -0.4507    34.4309    27.3595    1465.37    1459.30 0.0000e+00
       2228     35.000     3.8152  31.950157     0.3813    -0.4551    34.4568    27.3730    1465.72    1459.48 0.0000e+00
       2275     36.000     3.8596  32.002530     0.3784    -0.4673    34.4720    27.3805    1465.95    1459.66 0.0000e+00
       2322     37.000     3.9016  32.053496     0.3766    -0.4626    34.4879    27.3889    1466.16    1459.83 0.0000e+00
       2370     38.000     3.9297  32.085347     0.3752    -0.4689    34.4957    27.3922    1466.30    1460.00 0.0000e+00
       2418     39.000     3.9843  32.146838     0.3740    -0.4686    34.5107    27.3986    1466.57    1460.17 0.0000e+00
       2465     40.000     4.0220  32.192807     0.3729    -0.4771    34.5251    27.4061    1466.76    1460.34 0.0000e+00
       2513     41.000     4.0365  32.216963     0.3716    -0.4784    34.5380    27.4148    1466.85    1460.49 0.0000e+00
       2563     42.000     4.0418  32.225556     0.3708    -0.4767    34.5421    27.4175    1466.89    1460.65 0.0000e+00
