data/CTD/Adventfjorden/221103/Sta0101.cnv
* Sea-Bird SBE 9 Data File:
* FileName = C:\Users\CTD\Documents\AGF311-2022\sta0101.hdr
* Software Version Seasave V 7.26.7.121
* Temperature SN = 2313
* Conductivity SN = 1878
* Number of Bytes Per Scan = 26
* Number of Voltage Words = 1
* Number of Scans Averaged by the Deck Unit = 1
* NMEA Latitude = 78 14.50 N
* NMEA Longitude = 015 33.45 E
* NMEA UTC (Time) = Nov 03 2022  10:16:37
** Echo Depth: 61
** UNIS Station: A8
** Operator: AMBH
# nquan = 11                                
# nvalues = 52                          
# units = specified
# name 0 = scan: Scan Count
# name 1 = prDM: Pressure, Digiquartz [db]
# name 2 = t090C: Temperature [ITS-90, deg C]
# name 3 = c0mS/cm: Conductivity [mS/cm]
# name 4 = sbeox0V: Oxygen raw, SBE 43 [V]
# name 5 = sbeox0ML/L: Oxygen, SBE 43 [ml/l], WS = 2
# name 6 = sal00: Salinity, Practical [PSU]
# name 7 = sigma-t00: Density [sigma-t, kg/m^3 ]
# name 8 = svCM: Sound Velocity [Chen-Millero, m/s]
# name 9 = avgsvCM: Average Sound Velocity [Chen-Millero, m/s], minP = 20, minS = 20
# name 10 = flag: flag
# span 0 =         79,       2574       
# span 1 =      1.000,     52.000       
# span 2 =     1.8355,     3.9589       
# span 3 =  29.640480,  32.128592       
# span 4 =     0.3710,     0.4486       
# span 5 =    -0.8105,     0.0377       
# span 6 =    33.7468,    34.5087       
# span 7 =    26.9799,    27.3997       
# span 8 =    1455.75,    1466.67       
# span 9 =       0.00,    1462.10       
# span 10 = 0.0000e+00, 0.0000e+00      
# interval = decibars: 1                
# start_time = Nov 03 2022 10:17:55 [System UTC, header]
# bad_flag = -9.990e-29
*END*
         79      1.000     1.8374  29.640480     0.4024    -0.8105    33.7468    26.9799    1455.75       0.00 0.0000e+00
        157      2.000     1.8605  29.669897     0.3840    -0.3348    33.7585    26.9876    1455.88       0.00 0.0000e+00
        224      3.000     1.8516  29.659372     0.4020    -0.3771    33.7542    26.9848    1455.86       0.00 0.0000e+00
        282      4.000     1.8390  29.644964     0.4096     0.0377    33.7490    26.9816    1455.81       0.00 0.0000e+00
        333      5.000     1.8355  29.640906     0.4486    -0.1692    33.7471    26.9803    1455.81       0.00 0.0000e+00
        381      6.000     1.8922  29.714162     0.4379    -0.3332    33.7779    27.0008    1456.11       0.00 0.0000e+00
        426      7.000     1.9156  29.745711     0.4312    -0.3566    33.7919    27.0102    1456.25       0.00 0.0000e+00
        469      8.000     1.9109  29.740975     0.4163    -0.4955    33.7904    27.0094    1456.25       0.00 0.0000e+00
        514      9.000     1.9891  29.840835     0.4013    -0.3968    33.8315    27.0363    1456.66       0.00 0.0000e+00
        559     10.000     1.9569  29.800353     0.4056    -0.3249    33.8146    27.0253    1456.51       0.00 0.0000e+00
        604     11.000     1.9554  29.798344     0.4044    -0.4438    33.8131    27.0242    1456.52       0.00 0.0000e+00
        649     12.000     2.0343  29.898066     0.3944    -0.4965    33.8531    27.0501    1456.93       0.00 0.0000e+00
        695     13.000     2.2339  30.148984     0.3834    -0.5308    33.9523    27.1139    1457.95       0.00 0.0000e+00
        739     14.000     2.3036  30.235755     0.3797    -0.4714    33.9852    27.1346    1458.32       0.00 0.0000e+00
        783     15.000     2.3460  30.289716     0.3790    -0.4609    34.0063    27.1480    1458.54       0.00 0.0000e+00
        828     16.000     2.3726  30.321763     0.3790    -0.4808    34.0171    27.1545    1458.69       0.00 0.0000e+00
        872     17.000     2.4054  30.359293     0.3767    -0.4824    34.0280    27.1605    1458.86       0.00 0.0000e+00
        920     18.000     2.4345  30.392478     0.3757    -0.4852    34.0375    27.1657    1459.02       0.00 0.0000e+00
        966     19.000     2.4410  30.400126     0.3745    -0.4871    34.0395    27.1667    1459.06       0.00 0.0000e+00
       1012     20.000     2.4546  30.415607     0.3743    -0.4534    34.0436    27.1689    1459.15    1459.15 0.0000e+00
       1057     21.000     2.4759  30.438892     0.3782    -0.4522    34.0491    27.1715    1459.26    1459.15 0.0000e+00
       1102     22.000     2.5176  30.484856     0.3787    -0.4495    34.0609    27.1774    1459.47    1459.17 0.0000e+00
       1148     23.000     2.5443  30.514685     0.3796    -0.4530    34.0687    27.1814    1459.62    1459.18 0.0000e+00
       1194     24.000     2.5744  30.548937     0.3793    -0.4653    34.0783    27.1865    1459.77    1459.21 0.0000e+00
       1241     25.000     2.6004  30.577853     0.3786    -0.4642    34.0856    27.1902    1459.91    1459.24 0.0000e+00
       1287     26.000     2.6447  30.625909     0.3783    -0.4647    34.0971    27.1956    1460.13    1459.27 0.0000e+00
       1334     27.000     2.8074  30.796530     0.3787    -0.4456    34.1329    27.2101    1460.90    1459.33 0.0000e+00
       1380     28.000     2.9601  30.967558     0.3806    -0.4314    34.1793    27.2336    1461.63    1459.41 0.0000e+00
       1426     29.000     3.0454  31.063951     0.3813    -0.4455    34.2058    27.2470    1462.05    1459.50 0.0000e+00
       1472     30.000     3.1246  31.154753     0.3806    -0.4548    34.2317    27.2604    1462.43    1459.60 0.0000e+00
       1518     31.000     3.2448  31.293957     0.3799    -0.4517    34.2727    27.2819    1463.01    1459.71 0.0000e+00
       1565     32.000     3.3810  31.452053     0.3798    -0.4443    34.3192    27.3061    1463.67    1459.84 0.0000e+00
       1614     33.000     3.5067  31.595220     0.3796    -0.4507    34.3582    27.3251    1464.27    1459.97 0.0000e+00
       1664     34.000     3.5487  31.641160     0.3790    -0.4534    34.3685    27.3292    1464.47    1460.10 0.0000e+00
       1712     35.000     3.5953  31.692848     0.3778    -0.4637    34.3808    27.3344    1464.70    1460.23 0.0000e+00
       1761     36.000     3.6218  31.722663     0.3759    -0.4746    34.3881    27.3376    1464.84    1460.36 0.0000e+00
       1809     37.000     3.6560  31.762675     0.3743    -0.4752    34.3994    27.3432    1465.01    1460.49 0.0000e+00
       1857     38.000     3.7337  31.850171     0.3734    -0.4703    34.4216    27.3532    1465.39    1460.61 0.0000e+00
       1906     39.000     3.7570  31.878680     0.3737    -0.4613    34.4306    27.3580    1465.51    1460.74 0.0000e+00
       1956     40.000     3.7840  31.910349     0.3742    -0.4611    34.4394    27.3623    1465.65    1460.86 0.0000e+00
       2007     41.000     3.8107  31.941640     0.3742    -0.4622    34.4481    27.3665    1465.79    1460.98 0.0000e+00
       2058     42.000     3.8222  31.955547     0.3740    -0.4650    34.4520    27.3685    1465.86    1461.10 0.0000e+00
       2109     43.000     3.8361  31.972191     0.3742    -0.4622    34.4567    27.3708    1465.94    1461.21 0.0000e+00
       2160     44.000     3.8479  31.986413     0.3741    -0.4641    34.4607    27.3727    1466.01    1461.32 0.0000e+00
       2209     45.000     3.8673  32.009311     0.3737    -0.4677    34.4670    27.3758    1466.12    1461.42 0.0000e+00
       2259     46.000     3.9007  32.051317     0.3736    -0.4661    34.4813    27.3838    1466.29    1461.53 0.0000e+00
       2310     47.000     3.9161  32.072498     0.3730    -0.4722    34.4898    27.3889    1466.38    1461.63 0.0000e+00
       2361     48.000     3.9308  32.093596     0.3722    -0.4760    34.4989    27.3947    1466.47    1461.73 0.0000e+00
       2413     49.000     3.9334  32.098147     0.3715    -0.4745    34.5010    27.3961    1466.50    1461.83 0.0000e+00
       2465     50.000     3.9370  32.104933     0.3717    -0.4699    34.5047    27.3987    1466.54    1461.92 0.0000e+00
       2519     51.000     3.9414  32.110872     0.3713    -0.4757    34.5066    27.3997    1466.58    1462.02 0.0000e+00
       2574     52.000     3.9589  32.128592     0.3710    -0.4801    34.5087    27.3996    1466.67    1462.10 0.0000e+00
