data/CTD/Adventfjorden/221103/Sta0098.cnv
* Sea-Bird SBE 9 Data File:
* FileName = C:\Users\CTD\Documents\AGF311-2022\sta0098.hdr
* Software Version Seasave V 7.26.7.121
* Temperature SN = 2313
* Conductivity SN = 1878
* Number of Bytes Per Scan = 26
* Number of Voltage Words = 1
* Number of Scans Averaged by the Deck Unit = 1
* NMEA Latitude = 78 16.05 N
* NMEA Longitude = 015 33.51 E
* NMEA UTC (Time) = Nov 03 2022  08:56:23
** Echo Depth: 82
** UNIS Station: A6
** Operator: RE
# nquan = 11                                
# nvalues = 72                          
# units = specified
# name 0 = scan: Scan Count
# name 1 = prDM: Pressure, Digiquartz [db]
# name 2 = t090C: Temperature [ITS-90, deg C]
# name 3 = c0mS/cm: Conductivity [mS/cm]
# name 4 = sbeox0V: Oxygen raw, SBE 43 [V]
# name 5 = sbeox0ML/L: Oxygen, SBE 43 [ml/l], WS = 2
# name 6 = sal00: Salinity, Practical [PSU]
# name 7 = sigma-t00: Density [sigma-t, kg/m^3 ]
# name 8 = svCM: Sound Velocity [Chen-Millero, m/s]
# name 9 = avgsvCM: Average Sound Velocity [Chen-Millero, m/s], minP = 20, minS = 20
# name 10 = flag: flag
# span 0 =        568,       4515       
# span 1 =      1.000,     72.000       
# span 2 =     1.8171,     4.0478       
# span 3 =  29.610272,  32.261490       
# span 4 =     0.3624,     0.3828       
# span 5 =    -0.5221,    -0.4388       
# span 6 =    33.7300,    34.5621       
# span 7 =    26.9679,    27.4329       
# span 8 =    1455.64,    1467.44       
# span 9 =       0.00,    1462.89       
# span 10 = 0.0000e+00, 0.0000e+00      
# interval = decibars: 1                
# start_time = Nov 03 2022 08:57:41 [System UTC, header]
# bad_flag = -9.990e-29
*END*
        568      1.000     1.8175  29.610272     0.3785    -0.4680    33.7301    26.9680    1455.64       0.00 0.0000e+00
        697      2.000     1.8256  29.622332     0.3788    -0.4696    33.7360    26.9721    1455.70       0.00 0.0000e+00
        812      3.000     1.8171  29.610836     0.3793    -0.4701    33.7301    26.9680    1455.67       0.00 0.0000e+00
        912      4.000     1.8177  29.611736     0.3796    -0.4602    33.7300    26.9679    1455.69       0.00 0.0000e+00
       1004      5.000     1.8617  29.671940     0.3809    -0.4557    33.7581    26.9871    1455.94       0.00 0.0000e+00
       1094      6.000     1.8850  29.703931     0.3813    -0.4606    33.7728    26.9972    1456.08       0.00 0.0000e+00
       1166      7.000     1.8946  29.717145     0.3808    -0.4616    33.7785    27.0011    1456.14       0.00 0.0000e+00
       1233      8.000     1.8963  29.719209     0.3812    -0.4593    33.7787    27.0011    1456.17       0.00 0.0000e+00
       1300      9.000     1.9004  29.724720     0.3805    -0.4684    33.7807    27.0024    1456.20       0.00 0.0000e+00
       1367     10.000     1.9013  29.726428     0.3796    -0.4663    33.7813    27.0028    1456.22       0.00 0.0000e+00
       1433     11.000     1.9086  29.735781     0.3797    -0.4648    33.7847    27.0049    1456.28       0.00 0.0000e+00
       1499     12.000     1.9170  29.746941     0.3799    -0.4636    33.7891    27.0079    1456.34       0.00 0.0000e+00
       1565     13.000     1.9538  29.789708     0.3794    -0.4680    33.8029    27.0161    1456.53       0.00 0.0000e+00
       1631     14.000     2.0410  29.895420     0.3801    -0.4541    33.8415    27.0403    1456.98       0.00 0.0000e+00
       1697     15.000     2.2423  30.146079     0.3819    -0.4388    33.9386    27.1022    1458.00       0.00 0.0000e+00
       1764     16.000     2.3249  30.262203     0.3828    -0.4485    33.9941    27.1400    1458.45       0.00 0.0000e+00
       1826     17.000     2.3323  30.286940     0.3816    -0.4558    34.0164    27.1572    1458.53       0.00 0.0000e+00
       1888     18.000     2.3412  30.301165     0.3798    -0.4730    34.0240    27.1625    1458.59       0.00 0.0000e+00
       1950     19.000     2.3479  30.310860     0.3803    -0.4554    34.0283    27.1654    1458.65       0.00 0.0000e+00
       2012     20.000     2.3512  30.315533     0.3788    -0.4680    34.0300    27.1665    1458.68    1458.68 0.0000e+00
       2076     21.000     2.3544  30.320054     0.3781    -0.4732    34.0316    27.1676    1458.71    1458.68 0.0000e+00
       2135     22.000     2.3789  30.345020     0.3778    -0.4672    34.0358    27.1689    1458.84    1458.69 0.0000e+00
       2192     23.000     2.4571  30.427017     0.3784    -0.4547    34.0533    27.1765    1459.22    1458.71 0.0000e+00
       2249     24.000     2.5005  30.473885     0.3787    -0.4651    34.0644    27.1817    1459.44    1458.74 0.0000e+00
       2305     25.000     2.5041  30.480846     0.3779    -0.4734    34.0686    27.1847    1459.47    1458.77 0.0000e+00
       2361     26.000     2.5196  30.498567     0.3767    -0.4757    34.0734    27.1873    1459.56    1458.80 0.0000e+00
       2423     27.000     2.5770  30.556917     0.3766    -0.4662    34.0837    27.1906    1459.84    1458.84 0.0000e+00
       2484     28.000     2.8063  30.797120     0.3777    -0.4440    34.1343    27.2113    1460.91    1458.91 0.0000e+00
       2542     29.000     2.8876  30.889050     0.3801    -0.4490    34.1599    27.2245    1461.31    1459.00 0.0000e+00
       2596     30.000     2.9252  30.929227     0.3783    -0.4742    34.1685    27.2280    1461.50    1459.08 0.0000e+00
       2648     31.000     2.9779  30.986871     0.3771    -0.4692    34.1823    27.2344    1461.76    1459.17 0.0000e+00
       2701     32.000     3.0396  31.055166     0.3763    -0.4665    34.1996    27.2425    1462.06    1459.26 0.0000e+00
       2754     33.000     3.1072  31.131873     0.3762    -0.4658    34.2207    27.2532    1462.39    1459.35 0.0000e+00
       2803     34.000     3.1566  31.188136     0.3759    -0.4690    34.2361    27.2609    1462.64    1459.45 0.0000e+00
       2849     35.000     3.1830  31.217881     0.3751    -0.4763    34.2437    27.2645    1462.78    1459.54 0.0000e+00
       2893     36.000     3.2677  31.314150     0.3744    -0.4720    34.2701    27.2777    1463.19    1459.64 0.0000e+00
       2936     37.000     3.3221  31.375892     0.3743    -0.4698    34.2867    27.2858    1463.46    1459.75 0.0000e+00
       2979     38.000     3.3463  31.403770     0.3741    -0.4735    34.2942    27.2895    1463.59    1459.85 0.0000e+00
       3021     39.000     3.3708  31.431194     0.3734    -0.4769    34.3009    27.2925    1463.72    1459.95 0.0000e+00
       3065     40.000     3.4050  31.469795     0.3729    -0.4774    34.3108    27.2971    1463.89    1460.04 0.0000e+00
       3110     41.000     3.4762  31.550802     0.3727    -0.4732    34.3326    27.3076    1464.24    1460.15 0.0000e+00
       3155     42.000     3.5356  31.619181     0.3729    -0.4711    34.3515    27.3169    1464.53    1460.25 0.0000e+00
       3199     43.000     3.5937  31.686757     0.3726    -0.4797    34.3708    27.3266    1464.81    1460.36 0.0000e+00
       3242     44.000     3.6416  31.744004     0.3716    -0.4849    34.3884    27.3359    1465.05    1460.46 0.0000e+00
       3285     45.000     3.6404  31.745754     0.3702    -0.5026    34.3912    27.3382    1465.07    1460.56 0.0000e+00
       3329     46.000     3.7190  31.831241     0.3669    -0.5221    34.4101    27.3455    1465.44    1460.67 0.0000e+00
       3374     47.000     3.8002  31.923925     0.3649    -0.5062    34.4347    27.3569    1465.83    1460.78 0.0000e+00
       3418     48.000     3.8518  31.985298     0.3652    -0.4889    34.4531    27.3663    1466.08    1460.89 0.0000e+00
       3463     49.000     3.8458  31.984953     0.3662    -0.4890    34.4584    27.3712    1466.08    1460.99 0.0000e+00
       3508     50.000     3.8491  31.993996     0.3665    -0.4908    34.4652    27.3762    1466.12    1461.10 0.0000e+00
       3555     51.000     3.8655  32.015981     0.3666    -0.4912    34.4736    27.3812    1466.22    1461.20 0.0000e+00
       3600     52.000     3.8727  32.025838     0.3669    -0.4895    34.4772    27.3834    1466.27    1461.29 0.0000e+00
       3643     53.000     3.8832  32.040104     0.3670    -0.4894    34.4826    27.3866    1466.34    1461.39 0.0000e+00
       3687     54.000     3.8974  32.059767     0.3669    -0.4922    34.4905    27.3914    1466.42    1461.48 0.0000e+00
       3732     55.000     3.9238  32.094472     0.3670    -0.4900    34.5035    27.3991    1466.56    1461.57 0.0000e+00
       3778     56.000     3.9461  32.123591     0.3667    -0.4957    34.5141    27.4052    1466.69    1461.66 0.0000e+00
       3825     57.000     3.9715  32.155134     0.3663    -0.4947    34.5243    27.4107    1466.82    1461.76 0.0000e+00
       3871     58.000     3.9994  32.190766     0.3662    -0.4927    34.5367    27.4177    1466.97    1461.84 0.0000e+00
       3918     59.000     4.0072  32.200908     0.3658    -0.4980    34.5400    27.4195    1467.03    1461.93 0.0000e+00
       3963     60.000     4.0159  32.212017     0.3655    -0.4990    34.5435    27.4214    1467.08    1462.02 0.0000e+00
       4009     61.000     4.0176  32.214595     0.3649    -0.5036    34.5442    27.4218    1467.11    1462.10 0.0000e+00
       4055     62.000     4.0190  32.217123     0.3639    -0.5102    34.5452    27.4224    1467.13    1462.18 0.0000e+00
       4100     63.000     4.0209  32.220439     0.3632    -0.5083    34.5466    27.4233    1467.16    1462.26 0.0000e+00
       4145     64.000     4.0276  32.230433     0.3630    -0.5044    34.5509    27.4260    1467.21    1462.34 0.0000e+00
       4189     65.000     4.0314  32.236382     0.3630    -0.5031    34.5534    27.4276    1467.24    1462.41 0.0000e+00
       4235     66.000     4.0340  32.240161     0.3635    -0.5034    34.5546    27.4283    1467.27    1462.49 0.0000e+00
       4280     67.000     4.0338  32.240289     0.3629    -0.5078    34.5544    27.4282    1467.29    1462.56 0.0000e+00
       4324     68.000     4.0409  32.250309     0.3627    -0.5065    34.5583    27.4305    1467.34    1462.63 0.0000e+00
       4368     69.000     4.0452  32.256507     0.3629    -0.5142    34.5606    27.4319    1467.37    1462.70 0.0000e+00
       4413     70.000     4.0456  32.257724     0.3627    -0.4894    34.5611    27.4323    1467.39    1462.76 0.0000e+00
       4462     71.000     4.0456  32.258132     0.3625    -0.5218    34.5610    27.4322    1467.41    1462.83 0.0000e+00
       4515     72.000     4.0478  32.261490     0.3624    -0.5081    34.5621    27.4329    1467.44    1462.89 0.0000e+00
