data/CTD/Adventfjorden/221103/Sta0108.cnv
* Sea-Bird SBE 9 Data File:
* FileName = C:\Users\CTD\Documents\AGF311-2022\sta0108.hdr
* Software Version Seasave V 7.26.7.121
* Temperature SN = 2313
* Conductivity SN = 1878
* Number of Bytes Per Scan = 26
* Number of Voltage Words = 1
* Number of Scans Averaged by the Deck Unit = 1
* NMEA Latitude = 78 14.11 N
* NMEA Longitude = 015 40.20 E
* NMEA UTC (Time) = Nov 03 2022  12:38:21
** Echo Depth: 49
** UNIS Station: A15
** Operator: AVries
# nquan = 11                                
# nvalues = 40                          
# units = specified
# name 0 = scan: Scan Count
# name 1 = prDM: Pressure, Digiquartz [db]
# name 2 = t090C: Temperature [ITS-90, deg C]
# name 3 = c0mS/cm: Conductivity [mS/cm]
# name 4 = sbeox0V: Oxygen raw, SBE 43 [V]
# name 5 = sbeox0ML/L: Oxygen, SBE 43 [ml/l], WS = 2
# name 6 = sal00: Salinity, Practical [PSU]
# name 7 = sigma-t00: Density [sigma-t, kg/m^3 ]
# name 8 = svCM: Sound Velocity [Chen-Millero, m/s]
# name 9 = avgsvCM: Average Sound Velocity [Chen-Millero, m/s], minP = 20, minS = 20
# name 10 = flag: flag
# span 0 =        434,       2091       
# span 1 =      1.000,     40.000       
# span 2 =     1.6570,     3.5750       
# span 3 =  29.412679,  31.667828       
# span 4 =     0.3812,     0.5106       
# span 5 =    -0.5047,     0.3087       
# span 6 =    33.6526,    34.3695       
# span 7 =    26.9176,    27.3287       
# span 8 =    1454.83,    1464.68       
# span 9 =       0.00,    1460.58       
# span 10 = 0.0000e+00, 0.0000e+00      
# interval = decibars: 1                
# start_time = Nov 03 2022 12:39:39 [System UTC, header]
# bad_flag = -9.990e-29
*END*
        434      1.000     1.6570  29.412679     0.3812    -0.4415    33.6526    26.9176    1454.83       0.00 0.0000e+00
        517      2.000     1.6670  29.426425     0.4791     0.2683    33.6587    26.9218    1454.90       0.00 0.0000e+00
        588      3.000     1.6717  29.433218     0.4840    -0.1359    33.6617    26.9238    1454.94       0.00 0.0000e+00
        657      4.000     1.6725  29.434512     0.4692    -0.1737    33.6619    26.9239    1454.96       0.00 0.0000e+00
        714      5.000     1.6720  29.433934     0.4631    -0.1424    33.6611    26.9233    1454.97       0.00 0.0000e+00
        770      6.000     1.6690  29.430612     0.4831     0.3087    33.6596    26.9223    1454.97       0.00 0.0000e+00
        827      7.000     1.6804  29.445022     0.5106    -0.0744    33.6650    26.9258    1455.05       0.00 0.0000e+00
        873      8.000     1.6906  29.458993     0.4746    -0.3577    33.6711    26.9300    1455.12       0.00 0.0000e+00
        913      9.000     1.7017  29.473049     0.4575    -0.3905    33.6764    26.9335    1455.19       0.00 0.0000e+00
        953     10.000     1.7040  29.477069     0.4360    -0.5047    33.6785    26.9350    1455.22       0.00 0.0000e+00
        995     11.000     1.7073  29.481678     0.4156    -0.3942    33.6802    26.9361    1455.25       0.00 0.0000e+00
       1035     12.000     1.7114  29.487353     0.4154    -0.3230    33.6824    26.9376    1455.29       0.00 0.0000e+00
       1070     13.000     1.7177  29.495516     0.4149    -0.3249    33.6854    26.9395    1455.34       0.00 0.0000e+00
       1104     14.000     1.7361  29.518514     0.4150    -0.3237    33.6941    26.9452    1455.45       0.00 0.0000e+00
       1136     15.000     1.8556  29.668751     0.4150    -0.3104    33.7549    26.9850    1456.07       0.00 0.0000e+00
       1167     16.000     2.2486  30.154317     0.4166    -0.2585    33.9415    27.1041    1458.05       0.00 0.0000e+00
       1196     17.000     2.3130  30.242199     0.4218    -0.2377    33.9814    27.1308    1458.40       0.00 0.0000e+00
       1224     18.000     2.3349  30.276250     0.4223    -0.3062    33.9998    27.1437    1458.54       0.00 0.0000e+00
       1252     19.000     2.3602  30.310677     0.4201    -0.3311    34.0149    27.1537    1458.68       0.00 0.0000e+00
       1281     20.000     2.3860  30.340892     0.4181    -0.3254    34.0243    27.1591    1458.82    1458.82 0.0000e+00
       1311     21.000     2.4611  30.425653     0.4167    -0.3225    34.0485    27.1723    1459.20    1458.84 0.0000e+00
       1341     22.000     2.5982  30.572910     0.4168    -0.3037    34.0836    27.1888    1459.85    1458.89 0.0000e+00
       1371     23.000     2.7278  30.712530     0.4167    -0.3053    34.1168    27.2042    1460.47    1458.95 0.0000e+00
       1402     24.000     2.8372  30.831151     0.4169    -0.3014    34.1454    27.2174    1460.99    1459.04 0.0000e+00
       1432     25.000     2.8693  30.866189     0.4164    -0.3256    34.1536    27.2211    1461.16    1459.12 0.0000e+00
       1464     26.000     2.8991  30.899555     0.4145    -0.3440    34.1622    27.2253    1461.31    1459.21 0.0000e+00
       1498     27.000     2.9298  30.934148     0.4127    -0.3288    34.1713    27.2298    1461.47    1459.29 0.0000e+00
       1531     28.000     2.9692  30.976946     0.4107    -0.3702    34.1811    27.2342    1461.67    1459.38 0.0000e+00
       1563     29.000     3.0128  31.024984     0.4088    -0.3255    34.1929    27.2396    1461.89    1459.46 0.0000e+00
       1597     30.000     3.1221  31.145070     0.4092    -0.3427    34.2226    27.2533    1462.41    1459.56 0.0000e+00
       1630     31.000     3.2069  31.239419     0.4096    -0.3252    34.2467    27.2647    1462.82    1459.67 0.0000e+00
       1664     32.000     3.2215  31.257170     0.4090    -0.3543    34.2522    27.2678    1462.90    1459.77 0.0000e+00
       1698     33.000     3.2601  31.301734     0.4061    -0.3821    34.2648    27.2742    1463.10    1459.87 0.0000e+00
       1733     34.000     3.3410  31.396277     0.4029    -0.3793    34.2930    27.2890    1463.50    1459.97 0.0000e+00
       1777     35.000     3.3337  31.392376     0.4017    -0.3734    34.2955    27.2917    1463.49    1460.07 0.0000e+00
       1831     36.000     3.3553  31.424977     0.4003    -0.3679    34.3115    27.3024    1463.61    1460.17 0.0000e+00
       1885     37.000     3.3654  31.441337     0.4013    -0.3506    34.3200    27.3082    1463.68    1460.27 0.0000e+00
       1941     38.000     3.4342  31.515975     0.4033    -0.3331    34.3367    27.3149    1464.01    1460.37 0.0000e+00
       2008     39.000     3.5246  31.619261     0.4061    -0.3386    34.3649    27.3287    1464.45    1460.47 0.0000e+00
       2091     40.000     3.5750  31.667828     0.4026    -0.3832    34.3695    27.3274    1464.68    1460.58 0.0000e+00
