data/Adventfjorden/221103/Sta0102.cnv
* Sea-Bird SBE 9 Data File:
* FileName = C:\Users\CTD\Documents\AGF311-2022\sta0102.hdr
* Software Version Seasave V 7.26.7.121
* Temperature SN = 2313
* Conductivity SN = 1878
* Number of Bytes Per Scan = 26
* Number of Voltage Words = 1
* Number of Scans Averaged by the Deck Unit = 1
* NMEA Latitude = 78 14.86 N
* NMEA Longitude = 015 34.87 E
* NMEA UTC (Time) = Nov 03 2022  10:34:39
** Echo Depth: 78
** UNIS Station: A9
** Operator: AMBH
# nquan = 11                                
# nvalues = 68                          
# units = specified
# name 0 = scan: Scan Count
# name 1 = prDM: Pressure, Digiquartz [db]
# name 2 = t090C: Temperature [ITS-90, deg C]
# name 3 = c0mS/cm: Conductivity [mS/cm]
# name 4 = sbeox0V: Oxygen raw, SBE 43 [V]
# name 5 = sbeox0ML/L: Oxygen, SBE 43 [ml/l], WS = 2
# name 6 = sal00: Salinity, Practical [PSU]
# name 7 = sigma-t00: Density [sigma-t, kg/m^3 ]
# name 8 = svCM: Sound Velocity [Chen-Millero, m/s]
# name 9 = avgsvCM: Average Sound Velocity [Chen-Millero, m/s], minP = 20, minS = 20
# name 10 = flag: flag
# span 0 =        473,       3520       
# span 1 =      1.000,     68.000       
# span 2 =     1.8804,     4.1157       
# span 3 =  29.683779,  32.331882       
# span 4 =     0.3648,     0.3965       
# span 5 =    -0.5445,    -0.2895       
# span 6 =    33.7541,    34.5775       
# span 7 =    26.9826,    27.4381       
# span 8 =    1455.95,    1467.67       
# span 9 =       0.00,    1463.05       
# span 10 = 0.0000e+00, 0.0000e+00      
# interval = decibars: 1                
# start_time = Nov 03 2022 10:35:57 [System UTC, header]
# bad_flag = -9.990e-29
*END*
        473      1.000     1.8815  29.684077     0.3825    -0.4457    33.7544    26.9827    1455.95       0.00 0.0000e+00
        531      2.000     1.8807  29.683779     0.3829    -0.4502    33.7543    26.9827    1455.97       0.00 0.0000e+00
        587      3.000     1.8806  29.684026     0.3831    -0.4484    33.7542    26.9826    1455.98       0.00 0.0000e+00
        633      4.000     1.8804  29.684255     0.3830    -0.4575    33.7541    26.9826    1456.00       0.00 0.0000e+00
        678      5.000     1.8850  29.690424     0.3823    -0.4612    33.7564    26.9840    1456.04       0.00 0.0000e+00
        724      6.000     1.9370  29.755454     0.3821    -0.4654    33.7818    27.0005    1456.32       0.00 0.0000e+00
        768      7.000     1.9681  29.795779     0.3810    -0.3988    33.7986    27.0116    1456.49       0.00 0.0000e+00
        813      8.000     1.9786  29.812438     0.3965    -0.2895    33.8077    27.0181    1456.57       0.00 0.0000e+00
        858      9.000     1.9786  29.813826     0.3899    -0.5445    33.8088    27.0190    1456.58       0.00 0.0000e+00
        902     10.000     1.9700  29.802857     0.3851    -0.4514    33.8037    27.0155    1456.55       0.00 0.0000e+00
        945     11.000     2.0159  29.861185     0.3832    -0.5013    33.8272    27.0308    1456.80       0.00 0.0000e+00
        990     12.000     2.0205  29.867048     0.3786    -0.4768    33.8290    27.0319    1456.84       0.00 0.0000e+00
       1034     13.000     2.1479  30.023105     0.3787    -0.4573    33.8873    27.0687    1457.49       0.00 0.0000e+00
       1079     14.000     2.1986  30.091183     0.3802    -0.4492    33.9175    27.0888    1457.77       0.00 0.0000e+00
       1123     15.000     2.2427  30.148300     0.3807    -0.4542    33.9409    27.1040    1458.01       0.00 0.0000e+00
       1168     16.000     2.2710  30.188269     0.3813    -0.4256    33.9598    27.1169    1458.17       0.00 0.0000e+00
       1212     17.000     2.2995  30.226859     0.3846    -0.4284    33.9768    27.1282    1458.34       0.00 0.0000e+00
       1257     18.000     2.3284  30.265543     0.3845    -0.4438    33.9934    27.1391    1458.50       0.00 0.0000e+00
       1300     19.000     2.3555  30.300695     0.3842    -0.4433    34.0075    27.1482    1458.65       0.00 0.0000e+00
       1344     20.000     2.3697  30.318738     0.3835    -0.4519    34.0142    27.1524    1458.74    1458.74 0.0000e+00
       1388     21.000     2.3909  30.344442     0.3827    -0.4556    34.0229    27.1576    1458.86    1458.74 0.0000e+00
       1433     22.000     2.4106  30.366232     0.3821    -0.4555    34.0283    27.1603    1458.97    1458.75 0.0000e+00
       1478     23.000     2.4475  30.408338     0.3813    -0.4533    34.0405    27.1670    1459.16    1458.77 0.0000e+00
       1522     24.000     2.6291  30.603556     0.3817    -0.4364    34.0873    27.1891    1460.02    1458.82 0.0000e+00
       1566     25.000     2.7679  30.755575     0.3837    -0.4227    34.1259    27.2079    1460.69    1458.90 0.0000e+00
       1609     26.000     2.8113  30.800422     0.3836    -0.4483    34.1341    27.2107    1460.90    1458.98 0.0000e+00
       1652     27.000     2.8827  30.879972     0.3828    -0.4430    34.1551    27.2211    1461.25    1459.06 0.0000e+00
       1697     28.000     2.9712  30.977185     0.3826    -0.4443    34.1793    27.2325    1461.68    1459.15 0.0000e+00
       1743     29.000     3.0398  31.056342     0.3816    -0.4547    34.2025    27.2448    1462.02    1459.25 0.0000e+00
       1789     30.000     3.1697  31.203215     0.3816    -0.4316    34.2428    27.2650    1462.64    1459.36 0.0000e+00
       1834     31.000     3.2308  31.278164     0.3824    -0.4365    34.2684    27.2798    1462.95    1459.48 0.0000e+00
       1879     32.000     3.2566  31.312862     0.3818    -0.4441    34.2826    27.2887    1463.09    1459.59 0.0000e+00
       1924     33.000     3.3629  31.427467     0.3821    -0.4302    34.3081    27.2989    1463.59    1459.71 0.0000e+00
       1967     34.000     3.4641  31.537205     0.3831    -0.4272    34.3328    27.3090    1464.07    1459.84 0.0000e+00
       2011     35.000     3.5328  31.613618     0.3824    -0.4427    34.3517    27.3173    1464.40    1459.97 0.0000e+00
       2056     36.000     3.5559  31.639341     0.3814    -0.4509    34.3576    27.3198    1464.52    1460.10 0.0000e+00
       2101     37.000     3.6123  31.705432     0.3805    -0.4450    34.3769    27.3296    1464.80    1460.22 0.0000e+00
       2147     38.000     3.6337  31.732239     0.3797    -0.4524    34.3859    27.3347    1464.92    1460.35 0.0000e+00
       2193     39.000     3.6538  31.756443     0.3786    -0.4553    34.3932    27.3385    1465.03    1460.47 0.0000e+00
       2238     40.000     3.7105  31.820914     0.3776    -0.4631    34.4100    27.3462    1465.31    1460.59 0.0000e+00
       2282     41.000     3.7564  31.874931     0.3781    -0.4335    34.4257    27.3541    1465.53    1460.71 0.0000e+00
       2327     42.000     3.7896  31.915943     0.3785    -0.4564    34.4391    27.3615    1465.71    1460.83 0.0000e+00
       2372     43.000     3.7863  31.915750     0.3764    -0.4678    34.4418    27.3640    1465.71    1460.94 0.0000e+00
       2418     44.000     3.7891  31.920136     0.3756    -0.4640    34.4436    27.3651    1465.74    1461.05 0.0000e+00
       2463     45.000     3.7945  31.926744     0.3749    -0.4648    34.4452    27.3658    1465.79    1461.15 0.0000e+00
       2509     46.000     3.8027  31.936166     0.3743    -0.4684    34.4473    27.3667    1465.84    1461.25 0.0000e+00
       2554     47.000     3.8093  31.943617     0.3742    -0.4638    34.4487    27.3671    1465.88    1461.35 0.0000e+00
       2599     48.000     3.8215  31.956711     0.3739    -0.4656    34.4509    27.3676    1465.95    1461.45 0.0000e+00
       2644     49.000     3.8306  31.968648     0.3740    -0.4657    34.4550    27.3700    1466.01    1461.54 0.0000e+00
       2688     50.000     3.8345  31.974449     0.3734    -0.4730    34.4573    27.3714    1466.05    1461.63 0.0000e+00
       2733     51.000     3.8424  31.985365     0.3731    -0.4658    34.4614    27.3739    1466.10    1461.72 0.0000e+00
       2778     52.000     3.8494  31.994964     0.3731    -0.4699    34.4650    27.3760    1466.15    1461.80 0.0000e+00
       2823     53.000     3.8570  32.004811     0.3729    -0.4682    34.4681    27.3778    1466.21    1461.89 0.0000e+00
       2867     54.000     3.8588  32.008621     0.3727    -0.4726    34.4702    27.3792    1466.23    1461.97 0.0000e+00
       2912     55.000     3.9361  32.100214     0.3725    -0.4643    34.4974    27.3929    1466.61    1462.05 0.0000e+00
       2955     56.000     3.9979  32.173692     0.3735    -0.4562    34.5191    27.4038    1466.91    1462.14 0.0000e+00
       2999     57.000     4.0092  32.191640     0.3735    -0.4722    34.5280    27.4097    1466.99    1462.22 0.0000e+00
       3042     58.000     4.0103  32.195186     0.3723    -0.4778    34.5305    27.4116    1467.01    1462.30 0.0000e+00
       3087     59.000     4.0109  32.197838     0.3718    -0.4726    34.5325    27.4131    1467.03    1462.38 0.0000e+00
       3132     60.000     4.0194  32.209219     0.3719    -0.4691    34.5365    27.4154    1467.09    1462.46 0.0000e+00
       3176     61.000     4.0314  32.223491     0.3717    -0.4728    34.5403    27.4172    1467.16    1462.54 0.0000e+00
       3221     62.000     4.0448  32.239371     0.3715    -0.4763    34.5444    27.4191    1467.24    1462.61 0.0000e+00
       3266     63.000     4.0584  32.255435     0.3705    -0.4842    34.5486    27.4210    1467.31    1462.69 0.0000e+00
       3313     64.000     4.0843  32.287496     0.3693    -0.4894    34.5589    27.4265    1467.45    1462.76 0.0000e+00
       3359     65.000     4.1039  32.313093     0.3684    -0.4938    34.5680    27.4317    1467.56    1462.84 0.0000e+00
       3405     66.000     4.1126  32.324422     0.3667    -0.5028    34.5718    27.4337    1467.62    1462.91 0.0000e+00
       3456     67.000     4.1157  32.329763     0.3654    -0.5001    34.5743    27.4354    1467.65    1462.98 0.0000e+00
       3520     68.000     4.1145  32.331882     0.3648    -0.5012    34.5775    27.4381    1467.67    1463.05 0.0000e+00
