data/Adventfjorden/221103/Sta0096.cnv
* Sea-Bird SBE 9 Data File:
* FileName = C:\Users\CTD\Documents\AGF311-2022\sta0096.hdr
* Software Version Seasave V 7.26.7.121
* Temperature SN = 2313
* Conductivity SN = 1878
* Number of Bytes Per Scan = 26
* Number of Voltage Words = 1
* Number of Scans Averaged by the Deck Unit = 1
* NMEA Latitude = 78 16.58 N
* NMEA Longitude = 015 30.94 E
* NMEA UTC (Time) = Nov 03 2022  08:00:33
** Echo Depth: 104
** UNIS Station: A3
** Operator: RE
# nquan = 11                                
# nvalues = 94                          
# units = specified
# name 0 = scan: Scan Count
# name 1 = prDM: Pressure, Digiquartz [db]
# name 2 = t090C: Temperature [ITS-90, deg C]
# name 3 = c0mS/cm: Conductivity [mS/cm]
# name 4 = sbeox0V: Oxygen raw, SBE 43 [V]
# name 5 = sbeox0ML/L: Oxygen, SBE 43 [ml/l], WS = 2
# name 6 = sal00: Salinity, Practical [PSU]
# name 7 = sigma-t00: Density [sigma-t, kg/m^3 ]
# name 8 = svCM: Sound Velocity [Chen-Millero, m/s]
# name 9 = avgsvCM: Average Sound Velocity [Chen-Millero, m/s], minP = 20, minS = 20
# name 10 = flag: flag
# span 0 =        636,       5039       
# span 1 =      1.000,     94.000       
# span 2 =     1.8503,     4.2264       
# span 3 =  29.632064,  32.509363       
# span 4 =     0.3480,     0.5427       
# span 5 =    -0.7471,     0.2037       
# span 6 =    33.7045,    34.6559       
# span 7 =    26.9432,    27.4886       
# span 8 =    1455.85,    1468.66       
# span 9 =       0.00,    1464.50       
# span 10 = 0.0000e+00, 0.0000e+00      
# interval = decibars: 1                
# start_time = Nov 03 2022 08:01:51 [System UTC, header]
# bad_flag = -9.990e-29
*END*
        636      1.000     1.8752  29.638954     0.5277     0.2037    33.7045    26.9432    1455.86       0.00 0.0000e+00
        733      2.000     1.8745  29.642272     0.5427     0.1838    33.7088    26.9467    1455.88       0.00 0.0000e+00
        816      3.000     1.8779  29.648037     0.5267     0.0799    33.7118    26.9489    1455.92       0.00 0.0000e+00
        892      4.000     1.8725  29.643132     0.5258     0.1037    33.7109    26.9485    1455.91       0.00 0.0000e+00
        958      5.000     1.8555  29.632777     0.5274     0.1529    33.7155    26.9535    1455.85       0.00 0.0000e+00
       1022      6.000     1.8503  29.632064     0.5179     0.0524    33.7195    26.9571    1455.85       0.00 0.0000e+00
       1074      7.000     1.8514  29.637651     0.5136     0.0277    33.7248    26.9613    1455.88       0.00 0.0000e+00
       1124      8.000     1.8850  29.687235     0.5070    -0.0354    33.7507    26.9795    1456.08       0.00 0.0000e+00
       1175      9.000     1.8930  29.702405     0.4957    -0.0945    33.7606    26.9868    1456.14       0.00 0.0000e+00
       1222     10.000     1.9048  29.716545     0.4865    -0.0824    33.7652    26.9896    1456.22       0.00 0.0000e+00
       1267     11.000     1.9134  29.726657     0.4833    -0.0489    33.7681    26.9913    1456.28       0.00 0.0000e+00
       1310     12.000     1.9232  29.738158     0.4774    -0.1593    33.7715    26.9933    1456.34       0.00 0.0000e+00
       1352     13.000     1.9384  29.756052     0.4670    -0.2182    33.7771    26.9966    1456.43       0.00 0.0000e+00
       1393     14.000     1.9697  29.793963     0.4606    -0.2094    33.7906    27.0051    1456.60       0.00 0.0000e+00
       1431     15.000     2.1278  29.968254     0.4559    -0.1468    33.8392    27.0317    1457.37       0.00 0.0000e+00
       1471     16.000     2.3187  30.173430     0.4630    -0.0092    33.8905    27.0576    1458.29       0.00 0.0000e+00
       1513     17.000     2.4719  30.339258     0.4652    -0.0020    33.9323    27.0785    1459.03       0.00 0.0000e+00
       1555     18.000     2.5640  30.438878     0.4859    -0.1267    33.9569    27.0904    1459.47       0.00 0.0000e+00
       1594     19.000     2.5720  30.448559     0.4602    -0.2968    33.9598    27.0920    1459.53       0.00 0.0000e+00
       1635     20.000     2.5409  30.424538     0.4569    -0.0989    33.9626    27.0969    1459.41    1459.41 0.0000e+00
       1678     21.000     2.5223  30.418174     0.4538    -0.2601    33.9740    27.1076    1459.36    1459.41 0.0000e+00
       1721     22.000     2.4524  30.365674     0.4514    -0.1803    33.9830    27.1206    1459.09    1459.40 0.0000e+00
       1763     23.000     2.4126  30.332318     0.4390    -0.3491    33.9835    27.1243    1458.93    1459.38 0.0000e+00
       1805     24.000     2.4279  30.377495     0.4328    -0.2834    34.0226    27.1543    1459.07    1459.36 0.0000e+00
       1846     25.000     2.4320  30.390506     0.4311    -0.2905    34.0338    27.1629    1459.12    1459.35 0.0000e+00
       1889     26.000     2.5120  30.475419     0.4261    -0.2815    34.0529    27.1715    1459.50    1459.36 0.0000e+00
       1933     27.000     2.6577  30.630121     0.4280    -0.5026    34.0878    27.1871    1460.20    1459.39 0.0000e+00
       1975     28.000     2.7391  30.721268     0.3753    -0.7471    34.1127    27.1999    1460.59    1459.43 0.0000e+00
       2017     29.000     2.7962  30.786156     0.3758    -0.4627    34.1310    27.2095    1460.88    1459.48 0.0000e+00
       2058     30.000     2.8885  30.889757     0.3758    -0.4697    34.1592    27.2239    1461.33    1459.54 0.0000e+00
       2100     31.000     3.0118  31.025374     0.3755    -0.4713    34.1933    27.2401    1461.92    1459.62 0.0000e+00
       2143     32.000     3.3325  31.368810     0.3753    -0.4520    34.2699    27.2714    1463.40    1459.74 0.0000e+00
       2185     33.000     3.6266  31.682054     0.3793    -0.4041    34.3359    27.2955    1464.74    1459.89 0.0000e+00
       2226     34.000     3.6349  31.692413     0.3808    -0.4470    34.3390    27.2972    1464.80    1460.03 0.0000e+00
       2268     35.000     3.6772  31.739066     0.3792    -0.4629    34.3498    27.3016    1465.01    1460.18 0.0000e+00
       2313     36.000     3.6836  31.746499     0.3770    -0.4721    34.3514    27.3023    1465.05    1460.31 0.0000e+00
       2356     37.000     3.6873  31.752143     0.3754    -0.4712    34.3537    27.3037    1465.09    1460.44 0.0000e+00
       2397     38.000     3.6804  31.747819     0.3741    -0.4777    34.3553    27.3057    1465.08    1460.56 0.0000e+00
       2436     39.000     3.6799  31.748397     0.3732    -0.4776    34.3559    27.3062    1465.09    1460.68 0.0000e+00
       2477     40.000     3.7002  31.769743     0.3719    -0.5017    34.3596    27.3071    1465.20    1460.79 0.0000e+00
       2520     41.000     3.7565  31.828311     0.3688    -0.4717    34.3698    27.3096    1465.46    1460.90 0.0000e+00
       2562     42.000     3.7718  31.847188     0.3698    -0.4939    34.3757    27.3128    1465.55    1461.01 0.0000e+00
       2602     43.000     3.7670  31.843910     0.3718    -0.4486    34.3763    27.3137    1465.55    1461.12 0.0000e+00
       2643     44.000     3.7611  31.851426     0.3721    -0.4732    34.3909    27.3260    1465.56    1461.22 0.0000e+00
       2686     45.000     3.7738  31.875953     0.3714    -0.4888    34.4063    27.3370    1465.65    1461.32 0.0000e+00
       2729     46.000     3.8023  31.911852     0.3715    -0.4558    34.4186    27.3439    1465.80    1461.41 0.0000e+00
       2770     47.000     3.8144  31.927039     0.3715    -0.4986    34.4235    27.3465    1465.87    1461.51 0.0000e+00
       2811     48.000     3.8201  31.934787     0.3691    -0.4830    34.4262    27.3481    1465.92    1461.60 0.0000e+00
       2852     49.000     3.8189  31.933950     0.3703    -0.4809    34.4259    27.3480    1465.93    1461.69 0.0000e+00
       2895     50.000     3.8293  31.946691     0.3690    -0.4957    34.4296    27.3499    1465.99    1461.77 0.0000e+00
       2938     51.000     3.8433  31.962866     0.3682    -0.4892    34.4336    27.3517    1466.07    1461.86 0.0000e+00
       2981     52.000     3.8439  31.964057     0.3678    -0.4902    34.4339    27.3518    1466.09    1461.94 0.0000e+00
       3023     53.000     3.8401  31.960207     0.3678    -0.4899    34.4327    27.3513    1466.09    1462.02 0.0000e+00
       3065     54.000     3.8489  31.971347     0.3676    -0.4878    34.4362    27.3531    1466.15    1462.09 0.0000e+00
       3110     55.000     3.8749  32.004362     0.3676    -0.4900    34.4476    27.3596    1466.29    1462.17 0.0000e+00
       3152     56.000     3.9077  32.048982     0.3674    -0.4900    34.4657    27.3706    1466.47    1462.25 0.0000e+00
       3192     57.000     3.9766  32.146227     0.3677    -0.4854    34.5083    27.3975    1466.82    1462.33 0.0000e+00
       3234     58.000     4.0081  32.190474     0.3673    -0.4946    34.5272    27.4092    1467.00    1462.41 0.0000e+00
       3281     59.000     4.0149  32.201341     0.3664    -0.4984    34.5324    27.4127    1467.05    1462.48 0.0000e+00
       3324     60.000     4.0245  32.216016     0.3660    -0.4983    34.5392    27.4170    1467.11    1462.56 0.0000e+00
       3365     61.000     4.0354  32.232878     0.3653    -0.5008    34.5472    27.4223    1467.18    1462.64 0.0000e+00
       3406     62.000     4.0424  32.249528     0.3651    -0.4976    34.5590    27.4310    1467.25    1462.71 0.0000e+00
       3448     63.000     4.0570  32.276551     0.3643    -0.5112    34.5752    27.4423    1467.34    1462.78 0.0000e+00
       3489     64.000     4.0656  32.292162     0.3627    -0.5213    34.5841    27.4485    1467.41    1462.86 0.0000e+00
       3531     65.000     4.0705  32.300118     0.3616    -0.5140    34.5879    27.4510    1467.45    1462.93 0.0000e+00
       3573     66.000     4.0767  32.309012     0.3610    -0.5191    34.5913    27.4531    1467.50    1463.00 0.0000e+00
       3617     67.000     4.0779  32.311334     0.3606    -0.5147    34.5923    27.4537    1467.52    1463.06 0.0000e+00
       3661     68.000     4.0802  32.314961     0.3601    -0.5284    34.5936    27.4545    1467.55    1463.13 0.0000e+00
       3705     69.000     4.0819  32.317480     0.3586    -0.5294    34.5943    27.4549    1467.57    1463.19 0.0000e+00
       3750     70.000     4.0827  32.318977     0.3580    -0.5292    34.5947    27.4551    1467.59    1463.26 0.0000e+00
       3797     71.000     4.0884  32.325704     0.3575    -0.5251    34.5961    27.4556    1467.63    1463.32 0.0000e+00
       3848     72.000     4.0908  32.329037     0.3577    -0.5265    34.5970    27.4561    1467.66    1463.38 0.0000e+00
       3901     73.000     4.0901  32.328746     0.3573    -0.5313    34.5968    27.4560    1467.67    1463.44 0.0000e+00
       3959     74.000     4.0867  32.325376     0.3566    -0.5320    34.5959    27.4556    1467.67    1463.49 0.0000e+00
       4020     75.000     4.0873  32.326366     0.3563    -0.5344    34.5959    27.4556    1467.69    1463.55 0.0000e+00
       4077     76.000     4.0931  32.333432     0.3560    -0.5327    34.5976    27.4563    1467.73    1463.60 0.0000e+00
       4129     77.000     4.1116  32.356206     0.3557    -0.5327    34.6045    27.4599    1467.84    1463.66 0.0000e+00
       4177     78.000     4.1250  32.372952     0.3558    -0.5343    34.6097    27.4626    1467.92    1463.71 0.0000e+00
       4227     79.000     4.1307  32.380889     0.3551    -0.5423    34.6126    27.4643    1467.96    1463.77 0.0000e+00
       4277     80.000     4.1404  32.393421     0.3545    -0.5392    34.6167    27.4665    1468.02    1463.82 0.0000e+00
       4326     81.000     4.1468  32.402134     0.3543    -0.5396    34.6197    27.4683    1468.07    1463.87 0.0000e+00
       4378     82.000     4.1492  32.405730     0.3536    -0.5473    34.6209    27.4689    1468.10    1463.92 0.0000e+00
       4433     83.000     4.1532  32.411017     0.3531    -0.5409    34.6224    27.4697    1468.13    1463.97 0.0000e+00
       4486     84.000     4.1604  32.420016     0.3534    -0.5446    34.6249    27.4710    1468.18    1464.02 0.0000e+00
       4539     85.000     4.1656  32.426518     0.3527    -0.5456    34.6266    27.4717    1468.22    1464.07 0.0000e+00
       4592     86.000     4.1833  32.448172     0.3522    -0.5555    34.6330    27.4750    1468.32    1464.12 0.0000e+00
       4646     87.000     4.1861  32.452070     0.3513    -0.5534    34.6341    27.4756    1468.35    1464.17 0.0000e+00
       4702     88.000     4.1998  32.470165     0.3510    -0.5500    34.6406    27.4792    1468.43    1464.22 0.0000e+00
       4756     89.000     4.2052  32.477705     0.3506    -0.5563    34.6433    27.4808    1468.47    1464.27 0.0000e+00
       4811     90.000     4.2094  32.484029     0.3506    -0.5557    34.6458    27.4823    1468.51    1464.31 0.0000e+00
       4869     91.000     4.2140  32.490717     0.3496    -0.5577    34.6483    27.4839    1468.55    1464.36 0.0000e+00
       4929     92.000     4.2212  32.501571     0.3497    -0.5546    34.6530    27.4868    1468.60    1464.41 0.0000e+00
       4985     93.000     4.2263  32.509027     0.3493    -0.5648    34.6559    27.4886    1468.64    1464.45 0.0000e+00
       5039     94.000     4.2264  32.509363     0.3480    -0.5603    34.6557    27.4884    1468.66    1464.50 0.0000e+00
