data/Adventfjorden/221103/Sta0099.cnv
* Sea-Bird SBE 9 Data File:
* FileName = C:\Users\CTD\Documents\AGF311-2022\sta0099.hdr
* Software Version Seasave V 7.26.7.121
* Temperature SN = 2313
* Conductivity SN = 1878
* Number of Bytes Per Scan = 26
* Number of Voltage Words = 1
* Number of Scans Averaged by the Deck Unit = 1
* NMEA Latitude = 78 15.62 N
* NMEA Longitude = 015 31.88 E
* NMEA UTC (Time) = Nov 03 2022  09:18:42
** Echo Depth: 85
** UNIS Station: A5
** Operator: RE
# nquan = 11                                
# nvalues = 75                          
# units = specified
# name 0 = scan: Scan Count
# name 1 = prDM: Pressure, Digiquartz [db]
# name 2 = t090C: Temperature [ITS-90, deg C]
# name 3 = c0mS/cm: Conductivity [mS/cm]
# name 4 = sbeox0V: Oxygen raw, SBE 43 [V]
# name 5 = sbeox0ML/L: Oxygen, SBE 43 [ml/l], WS = 2
# name 6 = sal00: Salinity, Practical [PSU]
# name 7 = sigma-t00: Density [sigma-t, kg/m^3 ]
# name 8 = svCM: Sound Velocity [Chen-Millero, m/s]
# name 9 = avgsvCM: Average Sound Velocity [Chen-Millero, m/s], minP = 20, minS = 20
# name 10 = flag: flag
# span 0 =        410,       4171       
# span 1 =      1.000,     75.000       
# span 2 =     1.8859,     4.1240       
# span 3 =  29.697483,  32.379745       
# span 4 =     0.3596,     0.3855       
# span 5 =    -0.5213,    -0.4249       
# span 6 =    33.7626,    34.6205       
# span 7 =    26.9889,    27.4713       
# span 8 =    1456.10,    1467.88       
# span 9 =       0.00,    1463.88       
# span 10 = 0.0000e+00, 0.0000e+00      
# interval = decibars: 1                
# start_time = Nov 03 2022 09:20:00 [System UTC, header]
# bad_flag = -9.990e-29
*END*
        410      1.000     1.9734  29.793627     0.3787    -0.4733    33.7936    27.0072    1456.41       0.00 0.0000e+00
        468      2.000     1.9416  29.759100     0.3790    -0.4649    33.7838    27.0017    1456.27       0.00 0.0000e+00
        523      3.000     1.9185  29.732452     0.3785    -0.4573    33.7745    26.9960    1456.18       0.00 0.0000e+00
        575      4.000     1.9043  29.716896     0.3803    -0.4607    33.7695    26.9931    1456.12       0.00 0.0000e+00
        628      5.000     1.9392  29.754358     0.3790    -0.4900    33.7787    26.9978    1456.31       0.00 0.0000e+00
        680      6.000     1.9057  29.719899     0.3783    -0.4622    33.7707    26.9939    1456.16       0.00 0.0000e+00
        732      7.000     1.8936  29.706823     0.3804    -0.4483    33.7666    26.9916    1456.12       0.00 0.0000e+00
        785      8.000     1.8859  29.697483     0.3800    -0.4662    33.7626    26.9889    1456.10       0.00 0.0000e+00
        839      9.000     1.9581  29.779387     0.3804    -0.4428    33.7876    27.0035    1456.47       0.00 0.0000e+00
        892     10.000     2.1191  29.977180     0.3835    -0.4249    33.8625    27.0510    1457.28       0.00 0.0000e+00
        944     11.000     2.1855  30.067182     0.3853    -0.4334    33.9032    27.0785    1457.64       0.00 0.0000e+00
        994     12.000     2.2657  30.172926     0.3855    -0.4348    33.9487    27.1084    1458.07       0.00 0.0000e+00
       1045     13.000     2.2912  30.215345     0.3846    -0.4507    33.9736    27.1263    1458.23       0.00 0.0000e+00
       1097     14.000     2.3370  30.277786     0.3834    -0.4537    34.0017    27.1451    1458.48       0.00 0.0000e+00
       1149     15.000     2.4022  30.356535     0.3826    -0.4522    34.0292    27.1617    1458.82       0.00 0.0000e+00
       1199     16.000     2.4393  30.398581     0.3824    -0.4484    34.0411    27.1681    1459.01       0.00 0.0000e+00
       1250     17.000     2.4515  30.412377     0.3815    -0.4608    34.0446    27.1699    1459.08       0.00 0.0000e+00
       1301     18.000     2.4571  30.419090     0.3800    -0.4680    34.0463    27.1709    1459.13       0.00 0.0000e+00
       1353     19.000     2.4653  30.429130     0.3791    -0.4644    34.0494    27.1727    1459.18       0.00 0.0000e+00
       1405     20.000     2.4915  30.456362     0.3789    -0.4611    34.0546    27.1746    1459.32    1459.32 0.0000e+00
       1457     21.000     2.5104  30.475770     0.3788    -0.4608    34.0579    27.1756    1459.42    1459.32 0.0000e+00
       1511     22.000     2.5118  30.481693     0.3788    -0.4623    34.0631    27.1797    1459.45    1459.33 0.0000e+00
       1567     23.000     2.5006  30.475244     0.3780    -0.4697    34.0666    27.1834    1459.42    1459.33 0.0000e+00
       1620     24.000     2.5439  30.520416     0.3781    -0.4613    34.0756    27.1870    1459.64    1459.35 0.0000e+00
       1673     25.000     2.5743  30.552647     0.3783    -0.4605    34.0824    27.1898    1459.80    1459.36 0.0000e+00
       1726     26.000     2.6073  30.587015     0.3782    -0.4645    34.0890    27.1923    1459.96    1459.39 0.0000e+00
       1779     27.000     2.7366  30.721738     0.3784    -0.4508    34.1165    27.2031    1460.57    1459.43 0.0000e+00
       1834     28.000     2.9033  30.900920     0.3802    -0.4362    34.1583    27.2218    1461.36    1459.50 0.0000e+00
       1889     29.000     3.0259  31.037484     0.3814    -0.4406    34.1942    27.2395    1461.95    1459.58 0.0000e+00
       1942     30.000     3.1131  31.139239     0.3812    -0.4537    34.2250    27.2561    1462.38    1459.68 0.0000e+00
       1993     31.000     3.2428  31.291710     0.3793    -0.4580    34.2721    27.2816    1463.00    1459.78 0.0000e+00
       2045     32.000     3.4291  31.500038     0.3800    -0.4353    34.3262    27.3070    1463.88    1459.91 0.0000e+00
       2096     33.000     3.5177  31.596507     0.3807    -0.4433    34.3481    27.3160    1464.30    1460.04 0.0000e+00
       2147     34.000     3.5302  31.614223     0.3792    -0.4638    34.3557    27.3208    1464.38    1460.17 0.0000e+00
       2198     35.000     3.5751  31.665100     0.3773    -0.4627    34.3688    27.3269    1464.60    1460.30 0.0000e+00
       2249     36.000     3.6227  31.718531     0.3766    -0.4591    34.3822    27.3328    1464.84    1460.42 0.0000e+00
       2301     37.000     3.6380  31.734758     0.3761    -0.4647    34.3849    27.3335    1464.92    1460.54 0.0000e+00
       2351     38.000     3.8013  31.905708     0.3754    -0.4535    34.4167    27.3425    1465.66    1460.68 0.0000e+00
       2401     39.000     3.9903  32.106242     0.3774    -0.4290    34.4561    27.3545    1466.52    1460.83 0.0000e+00
       2451     40.000     3.9857  32.113597     0.3792    -0.4356    34.4692    27.3654    1466.53    1460.97 0.0000e+00
       2503     41.000     4.0022  32.137541     0.3790    -0.4482    34.4797    27.3721    1466.63    1461.11 0.0000e+00
       2555     42.000     4.0137  32.155350     0.3785    -0.4462    34.4882    27.3776    1466.71    1461.24 0.0000e+00
       2606     43.000     3.9875  32.136789     0.3777    -0.4554    34.4932    27.3843    1466.62    1461.37 0.0000e+00
       2656     44.000     3.9674  32.119486     0.3768    -0.4595    34.4933    27.3864    1466.55    1461.48 0.0000e+00
       2707     45.000     3.9631  32.116078     0.3754    -0.4671    34.4932    27.3868    1466.55    1461.60 0.0000e+00
       2758     46.000     3.9514  32.110366     0.3738    -0.4756    34.4982    27.3920    1466.53    1461.70 0.0000e+00
       2809     47.000     3.9518  32.116053     0.3728    -0.4695    34.5040    27.3966    1466.55    1461.80 0.0000e+00
       2859     48.000     3.9594  32.129524     0.3723    -0.4747    34.5115    27.4018    1466.61    1461.90 0.0000e+00
       2907     49.000     3.9706  32.145172     0.3719    -0.4732    34.5178    27.4056    1466.68    1462.00 0.0000e+00
       2957     50.000     3.9996  32.186849     0.3714    -0.4745    34.5362    27.4173    1466.84    1462.10 0.0000e+00
       3008     51.000     4.0179  32.213547     0.3711    -0.4750    34.5481    27.4248    1466.95    1462.19 0.0000e+00
       3056     52.000     4.0296  32.229811     0.3708    -0.4787    34.5546    27.4287    1467.02    1462.29 0.0000e+00
       3104     53.000     4.0385  32.241211     0.3700    -0.4832    34.5582    27.4307    1467.08    1462.38 0.0000e+00
       3153     54.000     4.0400  32.243575     0.3693    -0.4837    34.5589    27.4311    1467.10    1462.46 0.0000e+00
       3202     55.000     4.0437  32.249278     0.3687    -0.4877    34.5612    27.4325    1467.14    1462.55 0.0000e+00
       3251     56.000     4.0449  32.251625     0.3682    -0.4877    34.5622    27.4332    1467.16    1462.63 0.0000e+00
       3301     57.000     4.0432  32.250277     0.3676    -0.4920    34.5618    27.4331    1467.17    1462.71 0.0000e+00
       3349     58.000     4.0568  32.266084     0.3670    -0.4917    34.5657    27.4348    1467.25    1462.79 0.0000e+00
       3398     59.000     4.0740  32.286718     0.3667    -0.4901    34.5715    27.4376    1467.34    1462.86 0.0000e+00
       3447     60.000     4.0795  32.293840     0.3667    -0.4916    34.5736    27.4387    1467.39    1462.94 0.0000e+00
       3496     61.000     4.0872  32.303368     0.3670    -0.4869    34.5763    27.4400    1467.44    1463.01 0.0000e+00
       3544     62.000     4.1006  32.321634     0.3655    -0.4917    34.5833    27.4442    1467.52    1463.09 0.0000e+00
       3593     63.000     4.1067  32.331925     0.3662    -0.5104    34.5885    27.4477    1467.57    1463.16 0.0000e+00
       3642     64.000     4.1075  32.335593     0.3648    -0.4936    34.5915    27.4500    1467.59    1463.23 0.0000e+00
       3691     65.000     4.1062  32.335532     0.3643    -0.5032    34.5922    27.4507    1467.60    1463.29 0.0000e+00
       3740     66.000     4.0947  32.330419     0.3640    -0.5054    34.5977    27.4563    1467.58    1463.36 0.0000e+00
       3788     67.000     4.0923  32.329686     0.3635    -0.5076    34.5989    27.4574    1467.59    1463.42 0.0000e+00
       3836     68.000     4.0934  32.332089     0.3624    -0.5159    34.6000    27.4582    1467.61    1463.48 0.0000e+00
       3880     69.000     4.0965  32.337859     0.3619    -0.5089    34.6030    27.4603    1467.64    1463.54 0.0000e+00
       3925     70.000     4.1102  32.358995     0.3619    -0.5069    34.6131    27.4669    1467.73    1463.60 0.0000e+00
       3970     71.000     4.1118  32.361838     0.3617    -0.5156    34.6143    27.4676    1467.75    1463.66 0.0000e+00
       4016     72.000     4.1154  32.367040     0.3607    -0.5213    34.6161    27.4687    1467.79    1463.72 0.0000e+00
       4063     73.000     4.1194  32.372681     0.3600    -0.5190    34.6180    27.4698    1467.82    1463.77 0.0000e+00
       4111     74.000     4.1222  32.376819     0.3596    -0.5187    34.6194    27.4706    1467.85    1463.83 0.0000e+00
       4171     75.000     4.1240  32.379745     0.3597    -0.5172    34.6205    27.4713    1467.88    1463.88 0.0000e+00
