data/Adventfjorden/221103/Sta0103.cnv
* Sea-Bird SBE 9 Data File:
* FileName = C:\Users\CTD\Documents\AGF311-2022\sta0103.hdr
* Software Version Seasave V 7.26.7.121
* Temperature SN = 2313
* Conductivity SN = 1878
* Number of Bytes Per Scan = 26
* Number of Voltage Words = 1
* Number of Scans Averaged by the Deck Unit = 1
* NMEA Latitude = 78 15.27 N
* NMEA Longitude = 015 36.10 E
* NMEA UTC (Time) = Nov 03 2022  10:53:23
** Echo Depth: 77
** UNIS Station: A10
** Operator: AMBH
# nquan = 11                                
# nvalues = 67                          
# units = specified
# name 0 = scan: Scan Count
# name 1 = prDM: Pressure, Digiquartz [db]
# name 2 = t090C: Temperature [ITS-90, deg C]
# name 3 = c0mS/cm: Conductivity [mS/cm]
# name 4 = sbeox0V: Oxygen raw, SBE 43 [V]
# name 5 = sbeox0ML/L: Oxygen, SBE 43 [ml/l], WS = 2
# name 6 = sal00: Salinity, Practical [PSU]
# name 7 = sigma-t00: Density [sigma-t, kg/m^3 ]
# name 8 = svCM: Sound Velocity [Chen-Millero, m/s]
# name 9 = avgsvCM: Average Sound Velocity [Chen-Millero, m/s], minP = 20, minS = 20
# name 10 = flag: flag
# span 0 =        575,       4181       
# span 1 =      1.000,     67.000       
# span 2 =     1.8675,     4.2631       
# span 3 =  29.666399,  32.501144       
# span 4 =     0.3531,     0.4718       
# span 5 =    -0.5766,    -0.1565       
# span 6 =    33.7472,    34.6219       
# span 7 =    26.9780,    27.4577       
# span 8 =    1455.88,    1468.32       
# span 9 =       0.00,    1463.26       
# span 10 = 0.0000e+00, 0.0000e+00      
# interval = decibars: 1                
# start_time = Nov 03 2022 10:54:41 [System UTC, header]
# bad_flag = -9.990e-29
*END*
        575      1.000     1.8675  29.666399     0.4718    -0.1565    33.7472    26.9780    1455.88       0.00 0.0000e+00
        635      2.000     1.8763  29.678562     0.4524    -0.3438    33.7525    26.9816    1455.95       0.00 0.0000e+00
        695      3.000     1.8772  29.680338     0.4266    -0.4525    33.7532    26.9821    1455.97       0.00 0.0000e+00
        755      4.000     1.8821  29.687539     0.4037    -0.5039    33.7564    26.9843    1456.01       0.00 0.0000e+00
        815      5.000     1.8706  29.672665     0.3829    -0.5766    33.7495    26.9796    1455.97       0.00 0.0000e+00
        878      6.000     1.8721  29.676002     0.3804    -0.4605    33.7515    26.9811    1455.99       0.00 0.0000e+00
        940      7.000     1.9163  29.735972     0.3825    -0.4157    33.7790    26.9998    1456.24       0.00 0.0000e+00
       1003      8.000     1.9713  29.800585     0.3857    -0.4320    33.8006    27.0130    1456.52       0.00 0.0000e+00
       1067      9.000     2.0097  29.847138     0.3871    -0.4285    33.8173    27.0234    1456.73       0.00 0.0000e+00
       1129     10.000     2.0315  29.875218     0.3867    -0.4433    33.8286    27.0308    1456.86       0.00 0.0000e+00
       1192     11.000     2.0382  29.883909     0.3862    -0.4322    33.8318    27.0328    1456.91       0.00 0.0000e+00
       1256     12.000     2.0791  29.937172     0.3865    -0.4328    33.8541    27.0475    1457.13       0.00 0.0000e+00
       1318     13.000     2.1709  30.056813     0.3872    -0.4283    33.9048    27.0809    1457.62       0.00 0.0000e+00
       1384     14.000     2.2346  30.146270     0.3867    -0.4360    33.9476    27.1101    1457.97       0.00 0.0000e+00
       1450     15.000     2.3064  30.237509     0.3871    -0.4247    33.9838    27.1332    1458.34       0.00 0.0000e+00
       1517     16.000     2.3864  30.337386     0.3878    -0.4225    34.0217    27.1570    1458.76       0.00 0.0000e+00
       1584     17.000     2.4103  30.365851     0.3872    -0.4399    34.0309    27.1624    1458.89       0.00 0.0000e+00
       1651     18.000     2.4547  30.416440     0.3848    -0.4496    34.0456    27.1705    1459.12       0.00 0.0000e+00
       1718     19.000     2.5023  30.469664     0.3843    -0.4400    34.0601    27.1781    1459.36       0.00 0.0000e+00
       1779     20.000     2.5175  30.486685     0.3831    -0.4514    34.0643    27.1802    1459.44    1459.44 0.0000e+00
       1840     21.000     2.5342  30.504233     0.3825    -0.4470    34.0676    27.1814    1459.54    1459.45 0.0000e+00
       1901     22.000     2.5910  30.565801     0.3825    -0.4443    34.0825    27.1885    1459.82    1459.47 0.0000e+00
       1961     23.000     2.6490  30.627547     0.3828    -0.4365    34.0962    27.1945    1460.10    1459.49 0.0000e+00
       2022     24.000     2.7352  30.720108     0.3842    -0.4273    34.1177    27.2042    1460.52    1459.54 0.0000e+00
       2084     25.000     2.7886  30.781223     0.3846    -0.4386    34.1353    27.2136    1460.79    1459.59 0.0000e+00
       2143     26.000     2.8920  30.892788     0.3838    -0.4365    34.1614    27.2254    1461.28    1459.65 0.0000e+00
       2202     27.000     2.9760  30.982034     0.3842    -0.4341    34.1807    27.2332    1461.68    1459.73 0.0000e+00
       2260     28.000     3.0211  31.032927     0.3835    -0.4419    34.1943    27.2400    1461.91    1459.80 0.0000e+00
       2318     29.000     3.1102  31.130592     0.3831    -0.4313    34.2182    27.2509    1462.34    1459.89 0.0000e+00
       2377     30.000     3.2049  31.237146     0.3841    -0.4275    34.2466    27.2648    1462.79    1459.99 0.0000e+00
       2433     31.000     3.2114  31.249285     0.3838    -0.4431    34.2539    27.2701    1462.85    1460.08 0.0000e+00
       2486     32.000     3.2484  31.294920     0.3822    -0.4469    34.2695    27.2790    1463.04    1460.17 0.0000e+00
       2540     33.000     3.2978  31.352324     0.3818    -0.4374    34.2861    27.2876    1463.29    1460.27 0.0000e+00
       2593     34.000     3.3510  31.414954     0.3821    -0.4368    34.3050    27.2976    1463.56    1460.36 0.0000e+00
       2647     35.000     3.4580  31.529926     0.3825    -0.4283    34.3300    27.3073    1464.06    1460.47 0.0000e+00
       2702     36.000     3.5120  31.588824     0.3826    -0.4411    34.3433    27.3126    1464.32    1460.58 0.0000e+00
       2756     37.000     3.5342  31.615157     0.3815    -0.4435    34.3509    27.3166    1464.44    1460.68 0.0000e+00
       2803     38.000     3.5802  31.666505     0.3808    -0.4441    34.3635    27.3221    1464.66    1460.78 0.0000e+00
       2850     39.000     3.6184  31.709515     0.3808    -0.4417    34.3742    27.3269    1464.86    1460.89 0.0000e+00
       2898     40.000     3.6306  31.723322     0.3800    -0.4504    34.3774    27.3282    1464.93    1460.99 0.0000e+00
       2947     41.000     3.6538  31.750641     0.3791    -0.4509    34.3851    27.3321    1465.05    1461.09 0.0000e+00
       2994     42.000     3.6555  31.755167     0.3786    -0.4570    34.3882    27.3343    1465.08    1461.18 0.0000e+00
       3042     43.000     3.6655  31.768860     0.3775    -0.4562    34.3935    27.3376    1465.14    1461.27 0.0000e+00
       3089     44.000     3.6803  31.786715     0.3775    -0.4489    34.3987    27.3403    1465.23    1461.36 0.0000e+00
       3136     45.000     3.6875  31.795529     0.3776    -0.4564    34.4011    27.3415    1465.28    1461.45 0.0000e+00
       3183     46.000     3.6931  31.802136     0.3770    -0.4554    34.4026    27.3421    1465.32    1461.53 0.0000e+00
       3230     47.000     3.7046  31.815206     0.3769    -0.4560    34.4056    27.3433    1465.39    1461.62 0.0000e+00
       3276     48.000     3.7493  31.868448     0.3768    -0.4541    34.4216    27.3516    1465.61    1461.70 0.0000e+00
       3322     49.000     3.8128  31.944651     0.3771    -0.4478    34.4451    27.3639    1465.93    1461.79 0.0000e+00
       3370     50.000     3.8158  31.949017     0.3768    -0.4631    34.4466    27.3648    1465.96    1461.87 0.0000e+00
       3421     51.000     3.8402  31.978125     0.3750    -0.4745    34.4551    27.3691    1466.09    1461.95 0.0000e+00
       3469     52.000     3.8649  32.010731     0.3745    -0.4581    34.4674    27.3764    1466.22    1462.03 0.0000e+00
       3516     53.000     3.9129  32.069248     0.3738    -0.4767    34.4860    27.3863    1466.46    1462.12 0.0000e+00
       3565     54.000     3.9492  32.112533     0.3716    -0.4926    34.4988    27.3927    1466.65    1462.20 0.0000e+00
       3613     55.000     4.0025  32.176335     0.3697    -0.4874    34.5179    27.4024    1466.91    1462.29 0.0000e+00
       3658     56.000     4.0298  32.208003     0.3698    -0.4707    34.5263    27.4062    1467.05    1462.37 0.0000e+00
       3706     57.000     4.0329  32.214018     0.3705    -0.4717    34.5296    27.4085    1467.09    1462.45 0.0000e+00
       3753     58.000     4.0464  32.230381     0.3713    -0.4637    34.5343    27.4108    1467.16    1462.53 0.0000e+00
       3799     59.000     4.0533  32.239712     0.3718    -0.4731    34.5375    27.4127    1467.21    1462.61 0.0000e+00
       3845     60.000     4.1335  32.335560     0.3712    -0.4763    34.5662    27.4271    1467.60    1462.70 0.0000e+00
       3891     61.000     4.1798  32.391323     0.3699    -0.5000    34.5829    27.4355    1467.83    1462.78 0.0000e+00
       3937     62.000     4.1929  32.407521     0.3652    -0.5382    34.5878    27.4380    1467.91    1462.86 0.0000e+00
       3982     63.000     4.2060  32.423194     0.3610    -0.5411    34.5920    27.4399    1467.98    1462.94 0.0000e+00
       4027     64.000     4.2182  32.438251     0.3575    -0.5479    34.5964    27.4422    1468.06    1463.02 0.0000e+00
       4074     65.000     4.2289  32.452042     0.3552    -0.5504    34.6009    27.4446    1468.12    1463.10 0.0000e+00
       4124     66.000     4.2612  32.498933     0.3533    -0.5477    34.6218    27.4577    1468.30    1463.18 0.0000e+00
       4181     67.000     4.2631  32.501144     0.3531    -0.5275    34.6219    27.4576    1468.32    1463.26 0.0000e+00
