data/Adventfjorden/221103/Sta0107.cnv
* Sea-Bird SBE 9 Data File:
* FileName = C:\Users\CTD\Documents\AGF311-2022\sta0107.hdr
* Software Version Seasave V 7.26.7.121
* Temperature SN = 2313
* Conductivity SN = 1878
* Number of Bytes Per Scan = 26
* Number of Voltage Words = 1
* Number of Scans Averaged by the Deck Unit = 1
* NMEA Latitude = 78 14.13 N
* NMEA Longitude = 015 36.31 E
* NMEA UTC (Time) = Nov 03 2022  12:11:46
** Echo Depth: 72
** UNIS Station: A12
** Operator: AVries
# nquan = 11                                
# nvalues = 62                          
# units = specified
# name 0 = scan: Scan Count
# name 1 = prDM: Pressure, Digiquartz [db]
# name 2 = t090C: Temperature [ITS-90, deg C]
# name 3 = c0mS/cm: Conductivity [mS/cm]
# name 4 = sbeox0V: Oxygen raw, SBE 43 [V]
# name 5 = sbeox0ML/L: Oxygen, SBE 43 [ml/l], WS = 2
# name 6 = sal00: Salinity, Practical [PSU]
# name 7 = sigma-t00: Density [sigma-t, kg/m^3 ]
# name 8 = svCM: Sound Velocity [Chen-Millero, m/s]
# name 9 = avgsvCM: Average Sound Velocity [Chen-Millero, m/s], minP = 20, minS = 20
# name 10 = flag: flag
# span 0 =        464,       2497       
# span 1 =      1.000,     62.000       
# span 2 =     1.9099,     4.0641       
# span 3 =  29.733171,  32.262821       
# span 4 =     0.4013,     0.4899       
# span 5 =    -0.5585,     0.1237       
# span 6 =    33.7829,    34.5520       
# span 7 =    27.0034,    27.4231       
# span 8 =    1456.20,    1467.33       
# span 9 =       0.00,    1462.64       
# span 10 = 0.0000e+00, 0.0000e+00      
# interval = decibars: 1                
# start_time = Nov 03 2022 12:13:04 [System UTC, header]
# bad_flag = -9.990e-29
*END*
        464      1.000     1.9326  29.758727     0.4899    -0.1526    33.7935    27.0102    1456.23       0.00 0.0000e+00
        548      2.000     1.9339  29.762567     0.4782    -0.1520    33.7964    27.0124    1456.26       0.00 0.0000e+00
        611      3.000     1.9402  29.770464     0.4635    -0.2063    33.7990    27.0140    1456.30       0.00 0.0000e+00
        655      4.000     1.9561  29.790632     0.4587    -0.2310    33.8067    27.0190    1456.40       0.00 0.0000e+00
        696      5.000     1.9257  29.754562     0.4486    -0.1839    33.7934    27.0106    1456.27       0.00 0.0000e+00
        733      6.000     1.9099  29.733171     0.4626     0.1237    33.7829    27.0034    1456.20       0.00 0.0000e+00
        766      7.000     1.9159  29.742078     0.4723    -0.0261    33.7870    27.0063    1456.25       0.00 0.0000e+00
        799      8.000     1.9288  29.758527     0.4781    -0.0976    33.7933    27.0103    1456.33       0.00 0.0000e+00
        829      9.000     1.9621  29.799729     0.4662    -0.2406    33.8088    27.0202    1456.51       0.00 0.0000e+00
        857     10.000     1.9366  29.770146     0.4624    -0.2620    33.7984    27.0138    1456.40       0.00 0.0000e+00
        882     11.000     2.0734  29.937999     0.4517    -0.3213    33.8618    27.0541    1457.10       0.00 0.0000e+00
        908     12.000     2.1430  30.024289     0.4419    -0.3635    33.8946    27.0749    1457.46       0.00 0.0000e+00
        935     13.000     2.2078  30.102209     0.4359    -0.4190    33.9219    27.0916    1457.80       0.00 0.0000e+00
        961     14.000     2.2344  30.138009     0.4170    -0.5585    33.9375    27.1020    1457.95       0.00 0.0000e+00
        988     15.000     2.2466  30.154737     0.4110    -0.3581    33.9448    27.1068    1458.03       0.00 0.0000e+00
       1015     16.000     2.2580  30.169255     0.4104    -0.3485    33.9501    27.1101    1458.10       0.00 0.0000e+00
       1042     17.000     2.2895  30.211035     0.4097    -0.3512    33.9678    27.1218    1458.28       0.00 0.0000e+00
       1069     18.000     2.3405  30.282524     0.4089    -0.3472    34.0016    27.1447    1458.56       0.00 0.0000e+00
       1096     19.000     2.3788  30.332988     0.4090    -0.3379    34.0227    27.1585    1458.77       0.00 0.0000e+00
       1123     20.000     2.4297  30.390673     0.4089    -0.3400    34.0393    27.1675    1459.03    1459.03 0.0000e+00
       1150     21.000     2.4840  30.451566     0.4091    -0.3039    34.0561    27.1764    1459.31    1459.04 0.0000e+00
       1177     22.000     2.5279  30.500727     0.4132    -0.2879    34.0695    27.1834    1459.53    1459.07 0.0000e+00
       1204     23.000     2.5997  30.576749     0.4134    -0.3196    34.0862    27.1907    1459.88    1459.10 0.0000e+00
       1231     24.000     2.6286  30.609136     0.4133    -0.3220    34.0947    27.1950    1460.03    1459.14 0.0000e+00
       1257     25.000     2.7168  30.701858     0.4131    -0.3176    34.1143    27.2031    1460.45    1459.19 0.0000e+00
       1284     26.000     2.8068  30.802743     0.4137    -0.3117    34.1418    27.2172    1460.89    1459.26 0.0000e+00
       1312     27.000     2.9251  30.928604     0.4139    -0.3126    34.1695    27.2288    1461.45    1459.34 0.0000e+00
       1339     28.000     3.0810  31.099981     0.4141    -0.3068    34.2124    27.2490    1462.19    1459.44 0.0000e+00
       1367     29.000     3.1714  31.205723     0.4145    -0.3134    34.2446    27.2663    1462.63    1459.55 0.0000e+00
       1394     30.000     3.1962  31.248461     0.4139    -0.3242    34.2696    27.2840    1462.79    1459.66 0.0000e+00
       1421     31.000     3.2024  31.260636     0.4130    -0.3375    34.2773    27.2895    1462.84    1459.76 0.0000e+00
       1449     32.000     3.2266  31.289163     0.4111    -0.3472    34.2856    27.2939    1462.97    1459.86 0.0000e+00
       1476     33.000     3.2937  31.363178     0.4104    -0.3284    34.3036    27.3020    1463.29    1459.96 0.0000e+00
       1504     34.000     3.3258  31.397574     0.4106    -0.3192    34.3107    27.3045    1463.46    1460.07 0.0000e+00
       1532     35.000     3.3686  31.444648     0.4110    -0.3198    34.3217    27.3093    1463.67    1460.17 0.0000e+00
       1560     36.000     3.3948  31.475188     0.4111    -0.3279    34.3303    27.3136    1463.81    1460.27 0.0000e+00
       1586     37.000     3.4025  31.488754     0.4103    -0.3432    34.3380    27.3190    1463.87    1460.37 0.0000e+00
       1613     38.000     3.4215  31.513190     0.4089    -0.3473    34.3468    27.3242    1463.97    1460.46 0.0000e+00
       1639     39.000     3.4910  31.588107     0.4086    -0.3321    34.3630    27.3304    1464.30    1460.56 0.0000e+00
       1665     40.000     3.5981  31.701558     0.4087    -0.3216    34.3856    27.3379    1464.80    1460.67 0.0000e+00
       1692     41.000     3.6414  31.746788     0.4097    -0.3227    34.3936    27.3400    1465.01    1460.77 0.0000e+00
       1718     42.000     3.6765  31.784504     0.4088    -0.3530    34.4012    27.3426    1465.18    1460.88 0.0000e+00
       1744     43.000     3.6743  31.783173     0.4070    -0.3628    34.4014    27.3430    1465.19    1460.98 0.0000e+00
       1771     44.000     3.6763  31.785702     0.4050    -0.3733    34.4017    27.3431    1465.22    1461.07 0.0000e+00
       1797     45.000     3.6831  31.793131     0.4034    -0.3736    34.4029    27.3433    1465.26    1461.17 0.0000e+00
       1823     46.000     3.6816  31.791936     0.4020    -0.3727    34.4025    27.3432    1465.27    1461.25 0.0000e+00
       1849     47.000     3.6807  31.791222     0.4013    -0.3617    34.4021    27.3429    1465.28    1461.34 0.0000e+00
       1875     48.000     3.7272  31.844753     0.4013    -0.3612    34.4166    27.3498    1465.51    1461.43 0.0000e+00
       1901     49.000     3.7914  31.920171     0.4017    -0.3469    34.4385    27.3608    1465.83    1461.52 0.0000e+00
       1928     50.000     3.8140  31.949331     0.4018    -0.3465    34.4489    27.3668    1465.95    1461.60 0.0000e+00
       1954     51.000     3.8592  32.004045     0.4026    -0.3405    34.4660    27.3758    1466.18    1461.69 0.0000e+00
       1980     52.000     3.9236  32.082984     0.4036    -0.3467    34.4916    27.3896    1466.50    1461.79 0.0000e+00
       2006     53.000     3.9701  32.145410     0.4040    -0.3144    34.5164    27.4046    1466.74    1461.88 0.0000e+00
       2032     54.000     4.0118  32.194987     0.4058    -0.3527    34.5308    27.4117    1466.95    1461.97 0.0000e+00
       2058     55.000     4.0282  32.215147     0.4031    -0.3627    34.5370    27.4149    1467.04    1462.06 0.0000e+00
       2084     56.000     4.0350  32.223902     0.4046    -0.3262    34.5397    27.4163    1467.09    1462.15 0.0000e+00
       2109     57.000     4.0441  32.235056     0.4039    -0.3583    34.5428    27.4179    1467.15    1462.24 0.0000e+00
       2135     58.000     4.0530  32.245336     0.4038    -0.3498    34.5451    27.4188    1467.21    1462.33 0.0000e+00
       2167     59.000     4.0506  32.243247     0.4033    -0.3535    34.5446    27.4186    1467.21    1462.41 0.0000e+00
       2261     60.000     4.0504  32.243585     0.4043    -0.3530    34.5446    27.4187    1467.23    1462.49 0.0000e+00
       2384     61.000     4.0641  32.260081     0.4024    -0.3539    34.5492    27.4209    1467.31    1462.57 0.0000e+00
       2497     62.000     4.0641  32.262821     0.4030    -0.3489    34.5520    27.4231    1467.33    1462.64 0.0000e+00
