data/Adventfjorden/221103/Sta0094.cnv
* Sea-Bird SBE 9 Data File:
* FileName = C:\Users\CTD\Documents\AGF311-2022\sta0094.hdr
* Software Version Seasave V 7.26.7.121
* Temperature SN = 2313
* Conductivity SN = 1878
* Number of Bytes Per Scan = 26
* Number of Voltage Words = 1
* Number of Scans Averaged by the Deck Unit = 1
* NMEA Latitude = 78 15.52 N
* NMEA Longitude = 015 27.49 E
* NMEA UTC (Time) = Nov 03 2022  07:16:23
** Echo Depth: 35
** UNIS Station: A1
** Operator: RE
# nquan = 11                                
# nvalues = 25                          
# units = specified
# name 0 = scan: Scan Count
# name 1 = prDM: Pressure, Digiquartz [db]
# name 2 = t090C: Temperature [ITS-90, deg C]
# name 3 = c0mS/cm: Conductivity [mS/cm]
# name 4 = sbeox0V: Oxygen raw, SBE 43 [V]
# name 5 = sbeox0ML/L: Oxygen, SBE 43 [ml/l], WS = 2
# name 6 = sal00: Salinity, Practical [PSU]
# name 7 = sigma-t00: Density [sigma-t, kg/m^3 ]
# name 8 = svCM: Sound Velocity [Chen-Millero, m/s]
# name 9 = avgsvCM: Average Sound Velocity [Chen-Millero, m/s], minP = 20, minS = 20
# name 10 = flag: flag
# span 0 =        562,       1769       
# span 1 =      1.000,     25.000       
# span 2 =     1.8190,     3.0746       
# span 3 =  29.603367,  31.058557       
# span 4 =     0.3153,     0.4608       
# span 5 =    -1.2823,     0.1360       
# span 6 =    33.7186,    34.1704       
# span 7 =    26.9587,    27.2161       
# span 8 =    1455.66,    1462.06       
# span 9 =       0.00,    1459.44       
# span 10 = 0.0000e+00, 0.0000e+00      
# interval = decibars: 1                
# start_time = Nov 03 2022 07:17:41 [System UTC, header]
# bad_flag = -9.990e-29
*END*
        562      1.000     1.8801  29.685373     0.3858    -0.3524    33.7575    26.9853    1455.95       0.00 0.0000e+00
        633      2.000     1.8213  29.605980     0.3928    -0.3690    33.7200    26.9597    1455.66       0.00 0.0000e+00
        689      3.000     1.8190  29.603367     0.4022    -0.3144    33.7186    26.9587    1455.67       0.00 0.0000e+00
        743      4.000     1.8202  29.606054     0.4089    -0.2295    33.7201    26.9598    1455.69       0.00 0.0000e+00
        798      5.000     1.8941  29.705068     0.4125    -0.4187    33.7650    26.9903    1456.09       0.00 0.0000e+00
        853      6.000     1.9199  29.739588     0.4093    -0.3945    33.7802    27.0005    1456.24       0.00 0.0000e+00
        901      7.000     1.9369  29.762113     0.4012    -0.4101    33.7897    27.0069    1456.34       0.00 0.0000e+00
        949      8.000     1.9479  29.776090     0.3994    -0.2346    33.7949    27.0102    1456.41       0.00 0.0000e+00
        996      9.000     1.9636  29.795025     0.4193    -0.2455    33.8013    27.0141    1456.51       0.00 0.0000e+00
       1042     10.000     1.9681  29.800515     0.4358     0.1360    33.8028    27.0150    1456.55       0.00 0.0000e+00
       1090     11.000     1.9868  29.820944     0.4608    -0.1324    33.8079    27.0176    1456.65       0.00 0.0000e+00
       1137     12.000     2.0033  29.839797     0.4194    -1.2823    33.8133    27.0206    1456.75       0.00 0.0000e+00
       1184     13.000     2.0847  29.939679     0.3269    -1.0271    33.8507    27.0443    1457.17       0.00 0.0000e+00
       1232     14.000     2.2668  30.159365     0.3153    -0.7322    33.9295    27.0930    1458.08       0.00 0.0000e+00
       1279     15.000     2.3049  30.202234     0.3385    -0.3547    33.9416    27.0995    1458.28       0.00 0.0000e+00
       1325     16.000     2.3341  30.234172     0.3414    -0.6349    33.9495    27.1035    1458.43       0.00 0.0000e+00
       1374     17.000     2.3704  30.272822     0.3454    -0.5675    33.9582    27.1075    1458.62       0.00 0.0000e+00
       1422     18.000     2.3909  30.295588     0.3539    -0.4279    33.9640    27.1105    1458.73       0.00 0.0000e+00
       1468     19.000     2.4092  30.316422     0.3537    -0.8214    33.9697    27.1136    1458.84       0.00 0.0000e+00
       1516     20.000     2.4492  30.361881     0.3289    -0.5419    33.9828    27.1207    1459.04    1459.04 0.0000e+00
       1564     21.000     2.5199  30.443415     0.3529    -0.4803    34.0077    27.1347    1459.40    1459.06 0.0000e+00
       1609     22.000     2.8216  30.785351     0.3601    -0.4727    34.1069    27.1881    1460.84    1459.14 0.0000e+00
       1654     23.000     2.8856  30.858761     0.3771    -0.2184    34.1283    27.1994    1461.16    1459.23 0.0000e+00
       1700     24.000     2.9764  30.953405     0.3746    -0.8323    34.1470    27.2063    1461.59    1459.33 0.0000e+00
       1769     25.000     3.0746  31.058557     0.3256    -0.6785    34.1704    27.2161    1462.06    1459.44 0.0000e+00
