data/Adventfjorden/221103/Sta0104.cnv
* Sea-Bird SBE 9 Data File:
* FileName = C:\Users\CTD\Documents\AGF311-2022\sta0104.hdr
* Software Version Seasave V 7.26.7.121
* Temperature SN = 2313
* Conductivity SN = 1878
* Number of Bytes Per Scan = 26
* Number of Voltage Words = 1
* Number of Scans Averaged by the Deck Unit = 1
* NMEA Latitude = 78 15.63 N
* NMEA Longitude = 015 37.53 E
* NMEA UTC (Time) = Nov 03 2022  11:11:10
** Echo Depth: 42
** UNIS Station: A11
** Operator: ABirkedal
# nquan = 11                                
# nvalues = 33                          
# units = specified
# name 0 = scan: Scan Count
# name 1 = prDM: Pressure, Digiquartz [db]
# name 2 = t090C: Temperature [ITS-90, deg C]
# name 3 = c0mS/cm: Conductivity [mS/cm]
# name 4 = sbeox0V: Oxygen raw, SBE 43 [V]
# name 5 = sbeox0ML/L: Oxygen, SBE 43 [ml/l], WS = 2
# name 6 = sal00: Salinity, Practical [PSU]
# name 7 = sigma-t00: Density [sigma-t, kg/m^3 ]
# name 8 = svCM: Sound Velocity [Chen-Millero, m/s]
# name 9 = avgsvCM: Average Sound Velocity [Chen-Millero, m/s], minP = 20, minS = 20
# name 10 = flag: flag
# span 0 =        434,       1526       
# span 1 =      1.000,     33.000       
# span 2 =     1.7244,     3.1341       
# span 3 =  29.464087,  31.161579       
# span 4 =     0.3921,     0.5219       
# span 5 =    -0.5340,     0.7251       
# span 6 =    33.6410,    34.2283       
# span 7 =    26.9033,    27.2568       
# span 8 =    1455.17,    1462.52       
# span 9 =       0.00,    1459.78       
# span 10 = 0.0000e+00, 0.0000e+00      
# interval = decibars: 1                
# start_time = Nov 03 2022 11:12:28 [System UTC, header]
# bad_flag = -9.990e-29
*END*
        434      1.000     1.7533  29.506060     0.4878     0.2029    33.6675    26.9225    1455.28       0.00 0.0000e+00
        496      2.000     1.7561  29.511578     0.4851    -0.2579    33.6708    26.9250    1455.31       0.00 0.0000e+00
        544      3.000     1.7419  29.490387     0.4413    -0.4632    33.6587    26.9164    1455.25       0.00 0.0000e+00
        584      4.000     1.7244  29.464087     0.4424    -0.2072    33.6437    26.9056    1455.17       0.00 0.0000e+00
        622      5.000     1.7269  29.464546     0.4352    -0.2777    33.6410    26.9033    1455.19       0.00 0.0000e+00
        655      6.000     1.7522  29.499796     0.4413     0.4469    33.6579    26.9149    1455.34       0.00 0.0000e+00
        687      7.000     1.7757  29.541063     0.5219     0.7251    33.6842    26.9343    1455.49       0.00 0.0000e+00
        721      8.000     1.7664  29.528738     0.5212     0.0374    33.6780    26.9300    1455.46       0.00 0.0000e+00
        756      9.000     1.7611  29.521674     0.5145    -0.0319    33.6742    26.9274    1455.45       0.00 0.0000e+00
        789     10.000     1.7529  29.505579     0.5050    -0.0855    33.6621    26.9183    1455.41       0.00 0.0000e+00
        820     11.000     1.7755  29.540662     0.4955    -0.1271    33.6816    26.9323    1455.55       0.00 0.0000e+00
        852     12.000     1.8150  29.604391     0.4857    -0.1690    33.7191    26.9593    1455.79       0.00 0.0000e+00
        883     13.000     1.9446  29.780008     0.4777    -0.1769    33.8005    27.0149    1456.49       0.00 0.0000e+00
        915     14.000     2.0738  29.942459     0.4699    -0.1658    33.8652    27.0568    1457.16       0.00 0.0000e+00
        946     15.000     2.2513  30.158209     0.4652    -0.2061    33.9441    27.1059    1458.05       0.00 0.0000e+00
        976     16.000     2.3507  30.287655     0.4580    -0.2603    33.9982    27.1411    1458.57       0.00 0.0000e+00
       1008     17.000     2.3783  30.323868     0.4457    -0.4774    34.0131    27.1508    1458.73       0.00 0.0000e+00
       1039     18.000     2.3984  30.352450     0.4217    -0.5340    34.0265    27.1598    1458.85       0.00 0.0000e+00
       1071     19.000     2.4142  30.372060     0.4088    -0.5029    34.0333    27.1640    1458.94       0.00 0.0000e+00
       1102     20.000     2.4259  30.385065     0.3991    -0.4416    34.0364    27.1655    1459.01    1459.01 0.0000e+00
       1133     21.000     2.4593  30.421064     0.3994    -0.3773    34.0447    27.1694    1459.18    1459.02 0.0000e+00
       1165     22.000     2.5730  30.543033     0.3987    -0.3772    34.0736    27.1829    1459.73    1459.05 0.0000e+00
       1197     23.000     2.6208  30.596560     0.3997    -0.3680    34.0881    27.1904    1459.97    1459.09 0.0000e+00
       1228     24.000     2.6548  30.636148     0.3996    -0.3770    34.1000    27.1971    1460.15    1459.14 0.0000e+00
       1259     25.000     2.6983  30.685542     0.3995    -0.3831    34.1139    27.2044    1460.37    1459.19 0.0000e+00
       1290     26.000     2.7332  30.728831     0.3986    -0.3948    34.1294    27.2138    1460.56    1459.24 0.0000e+00
       1321     27.000     2.8315  30.835188     0.3973    -0.3934    34.1547    27.2253    1461.03    1459.30 0.0000e+00
       1352     28.000     2.8900  30.898246     0.3969    -0.3859    34.1691    27.2317    1461.32    1459.38 0.0000e+00
       1384     29.000     2.9221  30.933209     0.3964    -0.4010    34.1772    27.2353    1461.48    1459.45 0.0000e+00
       1416     30.000     2.9995  31.015810     0.3953    -0.4006    34.1953    27.2427    1461.85    1459.53 0.0000e+00
       1451     31.000     3.0209  31.039517     0.3941    -0.4099    34.2009    27.2453    1461.97    1459.61 0.0000e+00
       1486     32.000     3.0916  31.116679     0.3930    -0.4072    34.2193    27.2535    1462.31    1459.69 0.0000e+00
       1526     33.000     3.1341  31.161579     0.3921    -0.4032    34.2283    27.2568    1462.52    1459.78 0.0000e+00
