data/Adventfjorden/221103/Sta0105.cnv
* Sea-Bird SBE 9 Data File:
* FileName = C:\Users\CTD\Documents\AGF311-2022\sta0105.hdr
* Software Version Seasave V 7.26.7.121
* Temperature SN = 2313
* Conductivity SN = 1878
* Number of Bytes Per Scan = 26
* Number of Voltage Words = 1
* Number of Scans Averaged by the Deck Unit = 1
* NMEA Latitude = 78 14.91 N
* NMEA Longitude = 015 39.48 E
* NMEA UTC (Time) = Nov 03 2022  11:36:28
** Echo Depth: 49
** UNIS Station: A14
** Operator: ABirkedal
# nquan = 11                                
# nvalues = 40                          
# units = specified
# name 0 = scan: Scan Count
# name 1 = prDM: Pressure, Digiquartz [db]
# name 2 = t090C: Temperature [ITS-90, deg C]
# name 3 = c0mS/cm: Conductivity [mS/cm]
# name 4 = sbeox0V: Oxygen raw, SBE 43 [V]
# name 5 = sbeox0ML/L: Oxygen, SBE 43 [ml/l], WS = 2
# name 6 = sal00: Salinity, Practical [PSU]
# name 7 = sigma-t00: Density [sigma-t, kg/m^3 ]
# name 8 = svCM: Sound Velocity [Chen-Millero, m/s]
# name 9 = avgsvCM: Average Sound Velocity [Chen-Millero, m/s], minP = 20, minS = 20
# name 10 = flag: flag
# span 0 =        540,       1809       
# span 1 =      1.000,     40.000       
# span 2 =     2.0325,     3.4987       
# span 3 =  29.879956,  31.587818       
# span 4 =     0.3931,     0.5143       
# span 5 =    -1.1545,     0.8993       
# span 6 =    33.8380,    34.3539       
# span 7 =    27.0382,    27.3224       
# span 8 =    1456.74,    1464.34       
# span 9 =       0.00,    1459.73       
# span 10 = 0.0000e+00, 0.0000e+00      
# interval = decibars: 1                
# start_time = Nov 03 2022 11:37:46 [System UTC, header]
# bad_flag = -9.990e-29
*END*
        540      1.000     2.0390  29.885900     0.3985    -0.3989    33.8391    27.0386    1456.76       0.00 0.0000e+00
        598      2.000     2.0325  29.879956     0.3982    -0.3884    33.8380    27.0382    1456.74       0.00 0.0000e+00
        650      3.000     2.0492  29.901479     0.3980    -0.3850    33.8465    27.0437    1456.84       0.00 0.0000e+00
        697      4.000     2.0608  29.917149     0.3983    -0.3080    33.8532    27.0482    1456.92       0.00 0.0000e+00
        738      5.000     2.0453  29.898754     0.4534     0.8993    33.8462    27.0437    1456.86       0.00 0.0000e+00
        776      6.000     2.0782  29.938119     0.5143     0.1579    33.8596    27.0520    1457.04       0.00 0.0000e+00
        812      7.000     2.1298  30.001594     0.4665    -0.8346    33.8832    27.0668    1457.31       0.00 0.0000e+00
        847      8.000     2.1376  30.012338     0.4567     0.0612    33.8877    27.0698    1457.37       0.00 0.0000e+00
        880      9.000     2.1481  30.027094     0.4755    -0.0287    33.8943    27.0743    1457.44       0.00 0.0000e+00
        912     10.000     2.1880  30.074253     0.4259    -1.1545    33.9100    27.0836    1457.65       0.00 0.0000e+00
        943     11.000     2.2175  30.109101     0.4091    -0.3940    33.9213    27.0904    1457.81       0.00 0.0000e+00
        973     12.000     2.3722  30.285882     0.3954    -0.4683    33.9753    27.1210    1458.57       0.00 0.0000e+00
       1003     13.000     2.4981  30.431817     0.4005    -0.3172    34.0211    27.1473    1459.19       0.00 0.0000e+00
       1034     14.000     2.3314  30.235520     0.4024    -0.3673    33.9552    27.1083    1458.40       0.00 0.0000e+00
       1064     15.000     2.3711  30.280173     0.3996    -0.4270    33.9677    27.1150    1458.60       0.00 0.0000e+00
       1094     16.000     2.2086  30.096982     0.3977    -0.4165    33.9129    27.0843    1457.84       0.00 0.0000e+00
       1123     17.000     2.2700  30.166386     0.3956    -0.4045    33.9331    27.0956    1458.15       0.00 0.0000e+00
       1153     18.000     2.1153  29.985246     0.3955    -0.4177    33.8721    27.0590    1457.41       0.00 0.0000e+00
       1182     19.000     2.0794  29.942189     0.3936    -0.4256    33.8561    27.0490    1457.25       0.00 0.0000e+00
       1212     20.000     2.1235  29.991910     0.3931    -0.3998    33.8705    27.0571    1457.48    1457.48 0.0000e+00
       1242     21.000     2.0497  29.909142     0.3942    -0.3947    33.8454    27.0428    1457.14    1457.46 0.0000e+00
       1272     22.000     2.1131  29.983203     0.3944    -0.3980    33.8696    27.0572    1457.46    1457.46 0.0000e+00
       1301     23.000     2.5504  30.490814     0.3951    -0.3497    34.0327    27.1521    1459.59    1457.55 0.0000e+00
       1331     24.000     2.8899  30.883770     0.4020    -0.2503    34.1538    27.2194    1461.23    1457.71 0.0000e+00
       1360     25.000     2.9650  30.970623     0.4076    -0.3022    34.1796    27.2333    1461.60    1457.86 0.0000e+00
       1390     26.000     3.0109  31.026513     0.4083    -0.3480    34.1985    27.2442    1461.84    1458.01 0.0000e+00
       1419     27.000     3.0509  31.070995     0.4065    -0.3729    34.2096    27.2495    1462.04    1458.16 0.0000e+00
       1449     28.000     3.0637  31.086339     0.4043    -0.3860    34.2142    27.2520    1462.12    1458.30 0.0000e+00
       1478     29.000     3.0845  31.110279     0.4018    -0.3917    34.2207    27.2553    1462.23    1458.44 0.0000e+00
       1508     30.000     3.1069  31.137459     0.4002    -0.3905    34.2295    27.2602    1462.35    1458.57 0.0000e+00
       1537     31.000     3.1357  31.170022     0.3989    -0.3876    34.2379    27.2643    1462.50    1458.70 0.0000e+00
       1567     32.000     3.1448  31.184286     0.3978    -0.3930    34.2451    27.2692    1462.57    1458.82 0.0000e+00
       1597     33.000     3.1576  31.198335     0.3969    -0.3914    34.2480    27.2703    1462.64    1458.93 0.0000e+00
       1627     34.000     3.1919  31.235063     0.3962    -0.3917    34.2557    27.2733    1462.82    1459.05 0.0000e+00
       1657     35.000     3.2121  31.258641     0.3959    -0.3823    34.2623    27.2767    1462.93    1459.16 0.0000e+00
       1687     36.000     3.2409  31.291006     0.3962    -0.3834    34.2705    27.2805    1463.08    1459.27 0.0000e+00
       1717     37.000     3.3257  31.384046     0.3958    -0.3866    34.2928    27.2903    1463.48    1459.38 0.0000e+00
       1747     38.000     3.4229  31.494456     0.3962    -0.3734    34.3227    27.3048    1463.95    1459.50 0.0000e+00
       1777     39.000     3.4559  31.534757     0.3961    -0.3997    34.3358    27.3121    1464.12    1459.62 0.0000e+00
       1809     40.000     3.4987  31.587818     0.3940    -0.3950    34.3539    27.3224    1464.34    1459.73 0.0000e+00
