data/Adventfjorden/221103/Sta0095.cnv
* Sea-Bird SBE 9 Data File:
* FileName = C:\Users\CTD\Documents\AGF311-2022\sta0095.hdr
* Software Version Seasave V 7.26.7.121
* Temperature SN = 2313
* Conductivity SN = 1878
* Number of Bytes Per Scan = 26
* Number of Voltage Words = 1
* Number of Scans Averaged by the Deck Unit = 1
* NMEA Latitude = 78 15.99 N
* NMEA Longitude = 015 28.94 E
* NMEA UTC (Time) = Nov 03 2022  07:38:20
** Echo Depth: 98
** UNIS Station: A2
** Operator: RE
# nquan = 11                                
# nvalues = 88                          
# units = specified
# name 0 = scan: Scan Count
# name 1 = prDM: Pressure, Digiquartz [db]
# name 2 = t090C: Temperature [ITS-90, deg C]
# name 3 = c0mS/cm: Conductivity [mS/cm]
# name 4 = sbeox0V: Oxygen raw, SBE 43 [V]
# name 5 = sbeox0ML/L: Oxygen, SBE 43 [ml/l], WS = 2
# name 6 = sal00: Salinity, Practical [PSU]
# name 7 = sigma-t00: Density [sigma-t, kg/m^3 ]
# name 8 = svCM: Sound Velocity [Chen-Millero, m/s]
# name 9 = avgsvCM: Average Sound Velocity [Chen-Millero, m/s], minP = 20, minS = 20
# name 10 = flag: flag
# span 0 =        444,       4356       
# span 1 =      1.000,     88.000       
# span 2 =     1.7735,     4.1174       
# span 3 =  29.543538,  32.379359       
# span 4 =     0.3489,     0.4424       
# span 5 =    -1.0270,     0.0635       
# span 6 =    33.6919,    34.6246       
# span 7 =    26.9407,    27.4760       
# span 8 =    1455.43,    1468.04       
# span 9 =       0.00,    1464.25       
# span 10 = 0.0000e+00, 0.0000e+00      
# interval = decibars: 1                
# start_time = Nov 03 2022 07:39:38 [System UTC, header]
# bad_flag = -9.990e-29
*END*
        444      1.000     1.7792  29.553785     0.4347    -0.1516    33.6999    26.9466    1455.43       0.00 0.0000e+00
        517      2.000     1.7885  29.562113     0.4424    -0.2310    33.6999    26.9459    1455.49       0.00 0.0000e+00
        577      3.000     1.7735  29.543538     0.4348    -0.2847    33.6919    26.9407    1455.43       0.00 0.0000e+00
        626      4.000     1.8046  29.592641     0.4269    -0.3308    33.7200    26.9608    1455.62       0.00 0.0000e+00
        671      5.000     1.8333  29.631719     0.3867    -1.0270    33.7379    26.9731    1455.79       0.00 0.0000e+00
        715      6.000     1.8585  29.663212     0.3879     0.0635    33.7499    26.9809    1455.93       0.00 0.0000e+00
        761      7.000     1.9042  29.712501     0.4250    -0.4342    33.7624    26.9874    1456.16       0.00 0.0000e+00
        807      8.000     1.9678  29.779923     0.4026    -0.4102    33.7785    26.9955    1456.48       0.00 0.0000e+00
        851      9.000     2.0100  29.825631     0.4023    -0.2586    33.7901    27.0015    1456.70       0.00 0.0000e+00
        895     10.000     2.0274  29.845157     0.4275    -0.0575    33.7954    27.0044    1456.80       0.00 0.0000e+00
        940     11.000     2.0643  29.886097     0.4346    -0.2200    33.8066    27.0106    1456.99       0.00 0.0000e+00
        983     12.000     2.1888  30.025295     0.4302    -0.4409    33.8469    27.0331    1457.60       0.00 0.0000e+00
       1025     13.000     2.3122  30.160995     0.3955    -0.6617    33.8837    27.0526    1458.20       0.00 0.0000e+00
       1068     14.000     2.3853  30.241304     0.4008    -0.2680    33.9049    27.0637    1458.57       0.00 0.0000e+00
       1113     15.000     2.4328  30.294089     0.4063    -0.2900    33.9192    27.0712    1458.81       0.00 0.0000e+00
       1155     16.000     2.4404  30.303895     0.4107    -0.3120    33.9227    27.0733    1458.86       0.00 0.0000e+00
       1196     17.000     2.4452  30.309397     0.4096    -0.4409    33.9238    27.0738    1458.90       0.00 0.0000e+00
       1240     18.000     2.4340  30.302298     0.3951    -0.4004    33.9264    27.0768    1458.87       0.00 0.0000e+00
       1287     19.000     2.4533  30.325053     0.3993    -0.6589    33.9334    27.0809    1458.98       0.00 0.0000e+00
       1332     20.000     2.3526  30.239409     0.3583    -0.6212    33.9340    27.0896    1458.56    1458.56 0.0000e+00
       1376     21.000     2.2814  30.177704     0.3584    -0.5026    33.9328    27.0944    1458.26    1458.55 0.0000e+00
       1422     22.000     2.2686  30.173242     0.3730    -0.4060    33.9403    27.1015    1458.23    1458.53 0.0000e+00
       1472     23.000     2.3183  30.239207     0.3818    -0.3087    33.9687    27.1202    1458.50    1458.53 0.0000e+00
       1518     24.000     2.4296  30.387097     0.4051    -0.2024    34.0327    27.1622    1459.09    1458.55 0.0000e+00
       1564     25.000     2.4373  30.397557     0.4085    -0.3464    34.0369    27.1649    1459.14    1458.58 0.0000e+00
       1608     26.000     2.4473  30.408919     0.4064    -0.3876    34.0397    27.1664    1459.21    1458.60 0.0000e+00
       1650     27.000     2.5638  30.536256     0.4010    -0.6538    34.0722    27.1826    1459.77    1458.64 0.0000e+00
       1691     28.000     2.7891  30.781094     0.3489    -0.9129    34.1329    27.2117    1460.84    1458.72 0.0000e+00
       1734     29.000     3.0110  31.027651     0.3553    -0.3981    34.1981    27.2439    1461.89    1458.83 0.0000e+00
       1779     30.000     3.1019  31.130834     0.3635    -0.3857    34.2267    27.2585    1462.33    1458.95 0.0000e+00
       1821     31.000     3.1820  31.223893     0.3721    -0.4550    34.2543    27.2731    1462.72    1459.07 0.0000e+00
       1863     32.000     3.2029  31.248497     0.3816    -0.5288    34.2614    27.2768    1462.84    1459.19 0.0000e+00
       1905     33.000     3.3021  31.363144     0.3738    -0.2963    34.2947    27.2940    1463.32    1459.31 0.0000e+00
       1950     34.000     3.4769  31.562298     0.3998    -0.2250    34.3495    27.3210    1464.15    1459.45 0.0000e+00
       1994     35.000     3.5792  31.675383     0.4025    -0.3695    34.3769    27.3329    1464.63    1459.60 0.0000e+00
       2038     36.000     3.6735  31.774197     0.4008    -0.3369    34.3953    27.3382    1465.07    1459.75 0.0000e+00
       2084     37.000     3.8790  31.987944     0.4104    -0.2934    34.4335    27.3480    1465.99    1459.92 0.0000e+00
       2132     38.000     3.9566  32.069439     0.4017    -0.5489    34.4483    27.3518    1466.35    1460.09 0.0000e+00
       2179     39.000     3.9971  32.112030     0.3626    -0.6302    34.4558    27.3536    1466.55    1460.25 0.0000e+00
       2222     40.000     4.0362  32.153150     0.3927    -0.0019    34.4630    27.3552    1466.74    1460.41 0.0000e+00
       2265     41.000     4.0523  32.172355     0.4177    -0.1556    34.4683    27.3578    1466.83    1460.57 0.0000e+00
       2309     42.000     4.0644  32.189013     0.4243    -0.3455    34.4749    27.3617    1466.90    1460.72 0.0000e+00
       2352     43.000     4.0694  32.197934     0.4135    -0.3596    34.4796    27.3650    1466.94    1460.86 0.0000e+00
       2393     44.000     4.0793  32.221007     0.4054    -0.5404    34.4961    27.3770    1467.02    1461.00 0.0000e+00
       2435     45.000     4.0884  32.238482     0.4025    -0.1289    34.5067    27.3845    1467.09    1461.14 0.0000e+00
       2477     46.000     4.0895  32.243449     0.4052    -0.4588    34.5109    27.3877    1467.12    1461.27 0.0000e+00
       2519     47.000     4.0910  32.246691     0.3898    -0.6095    34.5126    27.3890    1467.14    1461.39 0.0000e+00
       2560     48.000     4.0936  32.250710     0.4010    -0.0329    34.5141    27.3899    1467.17    1461.51 0.0000e+00
       2602     49.000     4.0954  32.253210     0.4171    -0.4032    34.5146    27.3901    1467.20    1461.63 0.0000e+00
       2642     50.000     4.0981  32.257396     0.3775    -0.6509    34.5162    27.3911    1467.23    1461.74 0.0000e+00
       2682     51.000     4.0994  32.261537     0.3843    -0.3110    34.5192    27.3933    1467.25    1461.85 0.0000e+00
       2724     52.000     4.0854  32.257946     0.3941    -0.3764    34.5291    27.4027    1467.22    1461.95 0.0000e+00
       2767     53.000     4.0794  32.258578     0.3919    -0.4260    34.5357    27.4085    1467.22    1462.05 0.0000e+00
       2810     54.000     4.0806  32.269511     0.3874    -0.3900    34.5468    27.4173    1467.26    1462.15 0.0000e+00
       2851     55.000     4.0643  32.263372     0.3930    -0.3554    34.5562    27.4264    1467.22    1462.24 0.0000e+00
       2894     56.000     4.0426  32.253472     0.3946    -0.4016    34.5668    27.4371    1467.16    1462.32 0.0000e+00
       2938     57.000     4.0409  32.253941     0.3919    -0.3849    34.5686    27.4387    1467.17    1462.41 0.0000e+00
       2982     58.000     4.0408  32.254548     0.3962    -0.3370    34.5689    27.4390    1467.19    1462.49 0.0000e+00
       3024     59.000     4.0414  32.256049     0.3999    -0.3752    34.5695    27.4394    1467.21    1462.57 0.0000e+00
       3066     60.000     4.0417  32.257050     0.3847    -0.5579    34.5698    27.4396    1467.22    1462.65 0.0000e+00
       3108     61.000     4.0427  32.259587     0.3809    -0.4176    34.5712    27.4406    1467.25    1462.72 0.0000e+00
       3152     62.000     4.0446  32.262970     0.3851    -0.4037    34.5727    27.4416    1467.27    1462.80 0.0000e+00
       3195     63.000     4.0484  32.268944     0.3819    -0.5020    34.5752    27.4432    1467.31    1462.87 0.0000e+00
       3236     64.000     4.0512  32.274001     0.3772    -0.4293    34.5778    27.4449    1467.34    1462.94 0.0000e+00
       3279     65.000     4.0568  32.283715     0.3804    -0.3914    34.5828    27.4484    1467.38    1463.01 0.0000e+00
       3325     66.000     4.0627  32.293761     0.3835    -0.5008    34.5880    27.4519    1467.43    1463.07 0.0000e+00
       3370     67.000     4.0629  32.294730     0.3743    -0.4926    34.5884    27.4522    1467.45    1463.14 0.0000e+00
       3413     68.000     4.0636  32.297733     0.3736    -0.4141    34.5907    27.4539    1467.47    1463.20 0.0000e+00
       3456     69.000     4.0659  32.302213     0.3782    -0.4529    34.5930    27.4556    1467.50    1463.26 0.0000e+00
       3501     70.000     4.0667  32.304254     0.3780    -0.3758    34.5941    27.4563    1467.52    1463.32 0.0000e+00
       3549     71.000     4.0691  32.308441     0.3875    -0.4147    34.5960    27.4576    1467.55    1463.38 0.0000e+00
       3595     72.000     4.0739  32.316065     0.3845    -0.4215    34.5994    27.4598    1467.59    1463.44 0.0000e+00
       3640     73.000     4.0771  32.321100     0.3695    -0.5117    34.6015    27.4611    1467.62    1463.50 0.0000e+00
       3691     74.000     4.0851  32.331565     0.3940    -0.3693    34.6049    27.4630    1467.68    1463.56 0.0000e+00
       3746     75.000     4.1057  32.359257     0.3740    -0.5329    34.6155    27.4692    1467.79    1463.61 0.0000e+00
       3794     76.000     4.1155  32.371384     0.3741    -0.4494    34.6190    27.4710    1467.86    1463.67 0.0000e+00
       3842     77.000     4.1173  32.374609     0.3736    -0.4803    34.6204    27.4719    1467.88    1463.72 0.0000e+00
       3892     78.000     4.1169  32.376049     0.3710    -0.4816    34.6219    27.4732    1467.90    1463.78 0.0000e+00
       3939     79.000     4.1174  32.377726     0.3707    -0.5013    34.6229    27.4739    1467.92    1463.83 0.0000e+00
       3983     80.000     4.1169  32.378125     0.3651    -0.5469    34.6233    27.4743    1467.93    1463.88 0.0000e+00
       4028     81.000     4.1156  32.377656     0.3637    -0.4990    34.6236    27.4746    1467.94    1463.93 0.0000e+00
       4074     82.000     4.1149  32.377888     0.3608    -0.5527    34.6241    27.4751    1467.96    1463.98 0.0000e+00
       4118     83.000     4.1158  32.379101     0.3615    -0.4329    34.6240    27.4750    1467.98    1464.03 0.0000e+00
       4161     84.000     4.1155  32.379359     0.3621    -0.5780    34.6241    27.4751    1467.99    1464.07 0.0000e+00
       4207     85.000     4.1128  32.377649     0.3623    -0.5051    34.6244    27.4756    1468.00    1464.12 0.0000e+00
       4251     86.000     4.1116  32.377122     0.3564    -0.5363    34.6245    27.4758    1468.01    1464.16 0.0000e+00
       4298     87.000     4.1105  32.376684     0.3576    -0.5181    34.6246    27.4760    1468.02    1464.21 0.0000e+00
       4356     88.000     4.1106  32.377112     0.3602    -0.5495    34.6244    27.4758    1468.04    1464.25 0.0000e+00
