data/CTD/Adventfjorden/221031/Sta0006.cnv
* Sea-Bird SBE 9 Data File:
* FileName = C:\Users\CTD\Documents\AGF311-2022\sta006.hdr
* Software Version Seasave V 7.26.7.121
* Temperature SN = 2313
* Conductivity SN = 1878
* Number of Bytes Per Scan = 26
* Number of Voltage Words = 1
* Number of Scans Averaged by the Deck Unit = 1
* NMEA Latitude = 78 15.95 N
* NMEA Longitude = 015 33.65 E
* NMEA UTC (Time) = Oct 31 2022  19:24:22
** Echo Depth: 85
** UNIS Station: A6
** Operator: AMBH
# nquan = 11                                
# nvalues = 80                          
# units = specified
# name 0 = scan: Scan Count
# name 1 = prDM: Pressure, Digiquartz [db]
# name 2 = t090C: Temperature [ITS-90, deg C]
# name 3 = c0mS/cm: Conductivity [mS/cm]
# name 4 = sbeox0V: Oxygen raw, SBE 43 [V]
# name 5 = sbeox0ML/L: Oxygen, SBE 43 [ml/l], WS = 2
# name 6 = sal00: Salinity, Practical [PSU]
# name 7 = sigma-t00: Density [sigma-t, kg/m^3 ]
# name 8 = svCM: Sound Velocity [Chen-Millero, m/s]
# name 9 = avgsvCM: Average Sound Velocity [Chen-Millero, m/s], minP = 20, minS = 20
# name 10 = flag: flag
# span 0 =        500,       3454       
# span 1 =      1.000,     80.000       
# span 2 =     2.4583,     4.3355       
# span 3 =  30.390400,  32.580214       
# span 4 =    -0.2124,     0.0008       
# span 5 =    -5.1990,     0.5086       
# span 6 =    34.0191,    34.6320       
# span 7 =    27.1490,    27.4579       
# span 8 =    1458.82,    1468.85       
# span 9 =       0.00,    1463.48       
# span 10 = 0.0000e+00, 0.0000e+00      
# interval = decibars: 1                
# start_time = Feb 06 2116 10:30:11 [System UTC, header]
# bad_flag = -9.990e-29
*END*
        500      1.000     2.4583  30.390400 -3.820e-08    -1.9871    34.0191    27.1490    1458.82       0.00 0.0000e+00
        550      2.000     2.4621  30.394668 -4.584e-08    -1.9871    34.0198    27.1492    1458.85       0.00 0.0000e+00
        600      3.000     2.4626  30.395911 -5.740e-08    -1.9874    34.0202    27.1495    1458.87       0.00 0.0000e+00
        647      4.000     2.4659  30.399337 -7.281e-08    -1.9874    34.0204    27.1494    1458.90       0.00 0.0000e+00
        691      5.000     2.4638  30.397525 -9.127e-08    -1.9878    34.0198    27.1491    1458.91       0.00 0.0000e+00
        735      6.000     2.4626  30.397455 -1.137e-07    -1.9881    34.0205    27.1497    1458.92       0.00 0.0000e+00
        778      7.000     2.4638  30.399095 -1.399e-07    -1.9883    34.0206    27.1498    1458.94       0.00 0.0000e+00
        821      8.000     2.4660  30.401492 -1.698e-07    -1.9885    34.0207    27.1496    1458.97       0.00 0.0000e+00
        863      9.000     2.4646  30.400289 -2.032e-07    -1.9888    34.0201    27.1493    1458.98       0.00 0.0000e+00
        905     10.000     2.4643  30.400786 -2.407e-07    -1.9891    34.0205    27.1496    1458.99       0.00 0.0000e+00
        948     11.000     2.4709  30.407288 -2.826e-07    -1.9890    34.0209    27.1494    1459.04       0.00 0.0000e+00
        989     12.000     2.4684  30.405537 -3.256e-07    -1.9894    34.0209    27.1496    1459.04       0.00 0.0000e+00
       1027     13.000     2.4803  30.418562 -3.703e-07    -1.9890    34.0237    27.1509    1459.12       0.00 0.0000e+00
       1065     14.000     2.4954  30.435643 -4.173e-07    -1.9884    34.0282    27.1532    1459.20       0.00 0.0000e+00
       1101     15.000     2.5028  30.444059 -4.666e-07    -1.9882    34.0301    27.1541    1459.25       0.00 0.0000e+00
       1137     16.000     2.5137  30.456903 -5.186e-07    -1.9878    34.0338    27.1561    1459.32       0.00 0.0000e+00
       1173     17.000     2.5304  30.475800 -5.734e-07    -1.9871    34.0388    27.1587    1459.42       0.00 0.0000e+00
       1208     18.000     2.5548  30.503184 -6.293e-07    -1.9860    34.0461    27.1624    1459.55       0.00 0.0000e+00
       1242     19.000     2.5853  30.537806 -6.874e-07    -1.9844    34.0557    27.1676    1459.71       0.00 0.0000e+00
       1276     20.000     2.6462  30.605429 -7.489e-07    -1.9812    34.0736    27.1767    1460.01    1460.01 0.0000e+00
       1311     21.000     2.6938  30.658553 -8.154e-07    -1.9787    34.0878    27.1839    1460.25    1460.02 0.0000e+00
       1346     22.000     2.7335  30.703063 -8.857e-07    -1.9767    34.0996    27.1900    1460.46    1460.04 0.0000e+00
       1381     23.000     2.7443  30.714734 -9.589e-07    -1.9763    34.1019    27.1908    1460.52    1460.06 0.0000e+00
       1416     24.000     2.7535  30.725647 -7.245e-08    -1.9760    34.1050    27.1925    1460.58    1460.09 0.0000e+00
       1449     25.000     2.7704  30.747446 1.1675e-09    -1.9753    34.1132    27.1976    1460.68    1460.11 0.0000e+00
       1483     26.000     2.7684  30.749074 -2.615e-20    -1.9992    34.1168    27.2006    1460.69    1460.13 0.0000e+00
       1517     27.000     2.7722  30.757857    -0.2124    -5.1990    34.1230    27.2052    1460.73    1460.15 0.0000e+00
       1551     28.000     2.7927  30.785548    -0.0007     0.5086    34.1346    27.2127    1460.85    1460.18 0.0000e+00
       1585     29.000     2.8529  30.854044 1.5224e-10    -1.9884    34.1539    27.2228    1461.15    1460.21 0.0000e+00
       1618     30.000     2.9393  30.950327 -1.001e-20    -1.9756    34.1793    27.2354    1461.57    1460.26 0.0000e+00
       1652     31.000     3.1231  31.147981    -0.0826    -3.2167    34.2245    27.2548    1462.43    1460.33 0.0000e+00
       1686     32.000     3.1883  31.217950     0.0008    -1.0302    34.2398    27.2610    1462.75    1460.40 0.0000e+00
       1720     33.000     3.2420  31.281289 -4.591e-11    -1.9455    34.2592    27.2714    1463.02    1460.48 0.0000e+00
       1755     34.000     3.3191  31.372604 -3.374e-18    -2.3256    34.2876    27.2867    1463.40    1460.57 0.0000e+00
       1789     35.000     3.3416  31.404718    -0.1624    -3.7421    34.3020    27.2961    1463.53    1460.65 0.0000e+00
       1824     36.000     3.3581  31.425362    -0.0005    -0.4421    34.3089    27.3001    1463.62    1460.74 0.0000e+00
       1858     37.000     3.4152  31.494177 -4.826e-13    -1.9340    34.3310    27.3123    1463.91    1460.82 0.0000e+00
       1893     38.000     3.4176  31.501365     0.0000    -1.9418    34.3366    27.3165    1463.94    1460.90 0.0000e+00
       1929     39.000     3.4152  31.503507     0.0000    -1.9421    34.3412    27.3204    1463.96    1460.98 0.0000e+00
       1965     40.000     3.4106  31.503860     0.0000    -1.9425    34.3460    27.3246    1463.96    1461.06 0.0000e+00
       2001     41.000     3.4061  31.503031     0.0000    -1.9430    34.3492    27.3276    1463.96    1461.13 0.0000e+00
       2035     42.000     3.4099  31.508122     0.0000    -1.9430    34.3507    27.3285    1463.99    1461.19 0.0000e+00
       2070     43.000     3.4091  31.508412     0.0000    -1.9433    34.3514    27.3291    1464.01    1461.26 0.0000e+00
       2105     44.000     3.4082  31.508060     0.0000    -1.9436    34.3514    27.3291    1464.02    1461.32 0.0000e+00
       2139     45.000     3.4119  31.512647     0.0000    -1.9437    34.3524    27.3296    1464.05    1461.38 0.0000e+00
       2174     46.000     3.4127  31.514120     0.0000    -1.9439    34.3528    27.3298    1464.07    1461.44 0.0000e+00
       2208     47.000     3.4169  31.520180     0.0000    -1.9439    34.3551    27.3313    1464.11    1461.50 0.0000e+00
       2242     48.000     3.4034  31.509404     0.0000    -1.9448    34.3559    27.3332    1464.07    1461.55 0.0000e+00
       2277     49.000     3.4073  31.514679     0.0000    -1.9448    34.3576    27.3341    1464.11    1461.60 0.0000e+00
       2312     50.000     3.4338  31.542066     0.0000    -1.9437    34.3620    27.3351    1464.24    1461.66 0.0000e+00
       2347     51.000     3.4855  31.595227     0.0000    -1.9412    34.3708    27.3371    1464.49    1461.71 0.0000e+00
       2383     52.000     3.4972  31.609149     0.0000    -1.9407    34.3746    27.3391    1464.56    1461.77 0.0000e+00
       2419     53.000     3.5727  31.686000     0.0000    -1.9370    34.3866    27.3413    1464.91    1461.83 0.0000e+00
       2454     54.000     3.6643  31.777965     0.0000    -1.9324    34.3997    27.3426    1465.33    1461.89 0.0000e+00
       2490     55.000     3.6371  31.753484     0.0000    -1.9340    34.3985    27.3444    1465.23    1461.95 0.0000e+00
       2525     56.000     3.6834  31.799848     0.0000    -1.9319    34.4046    27.3447    1465.45    1462.01 0.0000e+00
       2560     57.000     3.7160  31.833402     0.0000    -1.9304    34.4099    27.3456    1465.61    1462.08 0.0000e+00
       2596     58.000     3.7435  31.863366     0.0000    -1.9292    34.4162    27.3478    1465.75    1462.14 0.0000e+00
       2631     59.000     3.7399  31.863071     0.0000    -1.9296    34.4191    27.3505    1465.75    1462.20 0.0000e+00
       2667     60.000     3.7400  31.866344     0.0000    -1.9298    34.4223    27.3531    1465.77    1462.26 0.0000e+00
       2703     61.000     3.7392  31.867169     0.0000    -1.9300    34.4236    27.3542    1465.79    1462.32 0.0000e+00
       2739     62.000     3.7227  31.852738     0.0000    -1.9311    34.4232    27.3555    1465.73    1462.37 0.0000e+00
       2775     63.000     3.7057  31.841303     0.0000    -1.9322    34.4269    27.3602    1465.68    1462.42 0.0000e+00
       2811     64.000     3.7245  31.861383     0.0000    -1.9314    34.4306    27.3612    1465.78    1462.48 0.0000e+00
       2847     65.000     3.8176  31.958369     0.0000    -1.9268    34.4477    27.3655    1466.21    1462.53 0.0000e+00
       2883     66.000     3.8785  32.024306     0.0000    -1.9238    34.4616    27.3704    1466.50    1462.59 0.0000e+00
       2918     67.000     3.9349  32.084577     0.0000    -1.9210    34.4735    27.3740    1466.77    1462.66 0.0000e+00
       2952     68.000     3.9706  32.124276     0.0000    -1.9194    34.4826    27.3776    1466.95    1462.72 0.0000e+00
       2987     69.000     4.0190  32.179276     0.0000    -1.9170    34.4964    27.3836    1467.18    1462.78 0.0000e+00
       3022     70.000     4.0244  32.187391     0.0000    -1.9169    34.4998    27.3858    1467.22    1462.85 0.0000e+00
       3058     71.000     4.0283  32.192349     0.0000    -1.9170    34.5011    27.3863    1467.26    1462.91 0.0000e+00
       3095     72.000     4.0361  32.201007     0.0000    -1.9168    34.5026    27.3868    1467.31    1462.97 0.0000e+00
       3133     73.000     4.0486  32.215140     0.0000    -1.9164    34.5057    27.3879    1467.38    1463.03 0.0000e+00
       3172     74.000     4.0657  32.234539     0.0000    -1.9157    34.5102    27.3897    1467.48    1463.09 0.0000e+00
       3211     75.000     4.0812  32.252496     0.0000    -1.9152    34.5146    27.3916    1467.56    1463.15 0.0000e+00
       3251     76.000     4.1695  32.356783     0.0000    -1.9106    34.5448    27.4063    1467.98    1463.21 0.0000e+00
       3290     77.000     4.2785  32.493544     0.0000    -1.9049    34.5913    27.4316    1468.51    1463.28 0.0000e+00
       3335     78.000     4.2903  32.510171     0.0000    -1.9045    34.5980    27.4357    1468.59    1463.35 0.0000e+00
       3389     79.000     4.2916  32.511509     0.0000    -1.9047    34.5976    27.4353    1468.61    1463.42 0.0000e+00
       3454     80.000     4.3355  32.580214     0.0000    -1.9023    34.6320    27.4579    1468.85    1463.48 0.0000e+00
