data/CTD/Adventfjorden/221031/Sta0005.cnv
* Sea-Bird SBE 9 Data File:
* FileName = C:\Users\CTD\Documents\AGF311-2022\sta005.hdr
* Software Version Seasave V 7.26.7.121
* Temperature SN = 2313
* Conductivity SN = 1878
* Number of Bytes Per Scan = 26
* Number of Voltage Words = 1
* Number of Scans Averaged by the Deck Unit = 1
* NMEA Latitude = 78 15.63 N
* NMEA Longitude = 015 31.89 E
* NMEA UTC (Time) = Oct 31 2022  18:56:51
** Echo Depth: 85
** UNIS Station: A5
** Operator: AMBH
# nquan = 11                                
# nvalues = 80                          
# units = specified
# name 0 = scan: Scan Count
# name 1 = prDM: Pressure, Digiquartz [db]
# name 2 = t090C: Temperature [ITS-90, deg C]
# name 3 = c0mS/cm: Conductivity [mS/cm]
# name 4 = sbeox0V: Oxygen raw, SBE 43 [V]
# name 5 = sbeox0ML/L: Oxygen, SBE 43 [ml/l], WS = 2
# name 6 = sal00: Salinity, Practical [PSU]
# name 7 = sigma-t00: Density [sigma-t, kg/m^3 ]
# name 8 = svCM: Sound Velocity [Chen-Millero, m/s]
# name 9 = avgsvCM: Average Sound Velocity [Chen-Millero, m/s], minP = 20, minS = 20
# name 10 = flag: flag
# span 0 =        643,       3819       
# span 1 =      1.000,     80.000       
# span 2 =     2.4432,     4.4906       
# span 3 =  30.396981,  32.742943       
# span 4 =    -0.2149,     0.0004       
# span 5 =    -3.7528,    -0.0855       
# span 6 =    34.0424,    34.6632       
# span 7 =    27.1688,    27.4673       
# span 8 =    1458.79,    1469.51       
# span 9 =       0.00,    1463.50       
# span 10 = 0.0000e+00, 0.0000e+00      
# interval = decibars: 1                
# start_time = Feb 06 2116 10:02:41 [System UTC, header]
# bad_flag = -9.990e-29
*END*
        643      1.000     2.4441  30.396981 -5.255e-08    -1.9876    34.0424    27.1688    1458.79       0.00 0.0000e+00
        825      2.000     2.4450  30.398366 -7.290e-08    -1.9878    34.0426    27.1689    1458.81       0.00 0.0000e+00
        905      3.000     2.4452  30.399181 -9.103e-08    -1.9880    34.0429    27.1691    1458.83       0.00 0.0000e+00
        975      4.000     2.4436  30.397980 -1.133e-07    -1.9884    34.0425    27.1689    1458.84       0.00 0.0000e+00
       1026      5.000     2.4446  30.399658 -1.347e-07    -1.9886    34.0430    27.1692    1458.86       0.00 0.0000e+00
       1075      6.000     2.4432  30.398680 -1.597e-07    -1.9889    34.0427    27.1691    1458.87       0.00 0.0000e+00
       1124      7.000     2.4472  30.403378 -1.896e-07    -1.9889    34.0437    27.1696    1458.90       0.00 0.0000e+00
       1173      8.000     2.4576  30.414620 -2.234e-07    -1.9886    34.0459    27.1705    1458.97       0.00 0.0000e+00
       1218      9.000     2.4548  30.412489 -2.594e-07    -1.9890    34.0457    27.1705    1458.97       0.00 0.0000e+00
       1263     10.000     2.4846  30.446558 -2.987e-07    -1.9875    34.0555    27.1759    1459.13       0.00 0.0000e+00
       1307     11.000     2.5038  30.468721 -3.418e-07    -1.9867    34.0618    27.1793    1459.24       0.00 0.0000e+00
       1350     12.000     2.5048  30.470065 -3.874e-07    -1.9869    34.0619    27.1793    1459.26       0.00 0.0000e+00
       1391     13.000     2.5103  30.475447 -4.348e-07    -1.9868    34.0621    27.1790    1459.30       0.00 0.0000e+00
       1429     14.000     2.5078  30.474275 -4.819e-07    -1.9872    34.0627    27.1797    1459.30       0.00 0.0000e+00
       1466     15.000     2.5054  30.472530 -5.318e-07    -1.9876    34.0626    27.1798    1459.31       0.00 0.0000e+00
       1503     16.000     2.5028  30.470549 -5.852e-07    -1.9880    34.0623    27.1798    1459.31       0.00 0.0000e+00
       1540     17.000     2.5173  30.486064 -6.425e-07    -1.9874    34.0655    27.1811    1459.40       0.00 0.0000e+00
       1578     18.000     2.5329  30.501610 -7.037e-07    -1.9868    34.0675    27.1814    1459.48       0.00 0.0000e+00
       1615     19.000     2.5286  30.497428 -7.668e-07    -1.9873    34.0663    27.1809    1459.48       0.00 0.0000e+00
       1651     20.000     2.5277  30.496628 -8.318e-07    -1.9877    34.0657    27.1805    1459.49    1459.49 0.0000e+00
       1686     21.000     2.5019  30.472421 -8.992e-07    -1.9894    34.0628    27.1803    1459.39    1459.49 0.0000e+00
       1721     22.000     2.5572  30.527901 -9.361e-07    -1.9865    34.0718    27.1828    1459.66    1459.49 0.0000e+00
       1755     23.000     2.7023  30.681133 -4.000e-09    -1.9785    34.1054    27.1972    1460.34    1459.53 0.0000e+00
       1789     24.000     2.9071  30.902342 -6.546e-13    -1.9672    34.1582    27.2214    1461.31    1459.60 0.0000e+00
       1824     25.000     2.9910  30.997549 -1.385e-16    -2.8544    34.1848    27.2351    1461.72    1459.69 0.0000e+00
       1858     26.000     3.0667  31.083119    -0.2149    -3.7528    34.2082    27.2469    1462.09    1459.78 0.0000e+00
       1892     27.000     3.2235  31.252394    -0.0011    -0.0855    34.2471    27.2635    1462.82    1459.89 0.0000e+00
       1926     28.000     3.2705  31.306380 -1.816e-14    -1.9398    34.2622    27.2711    1463.06    1460.01 0.0000e+00
       1961     29.000     3.2734  31.310844 -1.561e-15    -2.3914    34.2640    27.2722    1463.09    1460.11 0.0000e+00
       1996     30.000     3.2695  31.307404    -0.0777    -2.3104    34.2634    27.2721    1463.09    1460.21 0.0000e+00
       2031     31.000     3.2683  31.310500     0.0003    -1.4416    34.2678    27.2758    1463.11    1460.31 0.0000e+00
       2065     32.000     3.2686  31.314072 -7.501e-17    -1.9445    34.2713    27.2785    1463.13    1460.39 0.0000e+00
       2099     33.000     3.3161  31.370522 -3.095e-12    -3.4828    34.2888    27.2880    1463.37    1460.48 0.0000e+00
       2134     34.000     3.3526  31.407899    -0.1572    -1.7764    34.2948    27.2893    1463.55    1460.57 0.0000e+00
       2170     35.000     3.3505  31.406323     0.0004    -1.4336    34.2945    27.2893    1463.56    1460.66 0.0000e+00
       2206     36.000     3.3456  31.402600 -1.042e-20    -1.9453    34.2947    27.2899    1463.55    1460.74 0.0000e+00
       2243     37.000     3.3440  31.401417     0.0000    -1.9459    34.2944    27.2898    1463.56    1460.81 0.0000e+00
       2279     38.000     3.3405  31.398537     0.0000    -1.9463    34.2941    27.2899    1463.56    1460.89 0.0000e+00
       2314     39.000     3.3335  31.393333     0.0000    -1.9469    34.2946    27.2910    1463.55    1460.95 0.0000e+00
       2351     40.000     3.3319  31.392672     0.0000    -1.9473    34.2950    27.2914    1463.56    1461.02 0.0000e+00
       2387     41.000     3.3246  31.386024     0.0000    -1.9479    34.2941    27.2914    1463.54    1461.08 0.0000e+00
       2423     42.000     3.3148  31.377139     0.0000    -1.9487    34.2932    27.2916    1463.52    1461.14 0.0000e+00
       2458     43.000     3.3127  31.376358     0.0000    -1.9490    34.2939    27.2924    1463.53    1461.19 0.0000e+00
       2493     44.000     3.3178  31.381785     0.0000    -1.9490    34.2945    27.2924    1463.56    1461.25 0.0000e+00
       2528     45.000     3.3111  31.376419     0.0000    -1.9496    34.2946    27.2931    1463.55    1461.30 0.0000e+00
       2564     46.000     3.3165  31.383055     0.0000    -1.9496    34.2963    27.2940    1463.59    1461.35 0.0000e+00
       2600     47.000     3.3509  31.420898     0.0000    -1.9479    34.3051    27.2977    1463.77    1461.40 0.0000e+00
       2637     48.000     3.3697  31.441397     0.0000    -1.9472    34.3094    27.2994    1463.87    1461.45 0.0000e+00
       2674     49.000     3.4099  31.483145     0.0000    -1.9452    34.3167    27.3014    1464.06    1461.51 0.0000e+00
       2711     50.000     3.4791  31.562523     0.0000    -1.9416    34.3387    27.3122    1464.40    1461.56 0.0000e+00
       2747     51.000     3.4753  31.568101     0.0000    -1.9420    34.3489    27.3207    1464.42    1461.62 0.0000e+00
       2783     52.000     3.4447  31.542870     0.0000    -1.9438    34.3503    27.3248    1464.30    1461.67 0.0000e+00
       2820     53.000     3.4360  31.536178     0.0000    -1.9445    34.3509    27.3261    1464.28    1461.72 0.0000e+00
       2856     54.000     3.4286  31.530393     0.0000    -1.9451    34.3512    27.3270    1464.27    1461.77 0.0000e+00
       2892     55.000     3.4214  31.524262     0.0000    -1.9457    34.3509    27.3275    1464.26    1461.81 0.0000e+00
       2929     56.000     3.3972  31.502002     0.0000    -1.9472    34.3491    27.3284    1464.17    1461.85 0.0000e+00
       2965     57.000     3.3793  31.486862     0.0000    -1.9484    34.3492    27.3302    1464.11    1461.89 0.0000e+00
       3001     58.000     3.4452  31.562958     0.0000    -1.9450    34.3707    27.3410    1464.43    1461.94 0.0000e+00
       3037     59.000     3.4750  31.594710     0.0000    -1.9436    34.3769    27.3430    1464.58    1461.98 0.0000e+00
       3073     60.000     3.5341  31.656700     0.0000    -1.9407    34.3884    27.3464    1464.86    1462.03 0.0000e+00
       3109     61.000     3.6000  31.728839     0.0000    -1.9374    34.4049    27.3531    1465.18    1462.08 0.0000e+00
       3144     62.000     3.6612  31.798008     0.0000    -1.9343    34.4226    27.3612    1465.47    1462.14 0.0000e+00
       3179     63.000     3.7489  31.891188     0.0000    -1.9298    34.4410    27.3671    1465.88    1462.20 0.0000e+00
       3214     64.000     3.9029  32.051825     0.0000    -1.9219    34.4698    27.3744    1466.58    1462.26 0.0000e+00
       3249     65.000     4.0424  32.201982     0.0000    -1.9148    34.5009    27.3848    1467.22    1462.34 0.0000e+00
       3285     66.000     4.0865  32.252737     0.0000    -1.9127    34.5142    27.3907    1467.44    1462.42 0.0000e+00
       3321     67.000     4.1403  32.313601     0.0000    -1.9101    34.5292    27.3970    1467.70    1462.49 0.0000e+00
       3357     68.000     4.1409  32.317011     0.0000    -1.9102    34.5321    27.3992    1467.72    1462.57 0.0000e+00
       3393     69.000     4.1400  32.318774     0.0000    -1.9105    34.5346    27.4013    1467.73    1462.65 0.0000e+00
       3428     70.000     4.1510  32.332632     0.0000    -1.9101    34.5389    27.4036    1467.80    1462.72 0.0000e+00
       3463     71.000     4.1825  32.377246     0.0000    -1.9086    34.5580    27.4154    1467.97    1462.79 0.0000e+00
       3498     72.000     4.2708  32.482825     0.0000    -1.9041    34.5894    27.4310    1468.40    1462.87 0.0000e+00
       3533     73.000     4.3358  32.558673     0.0000    -1.9008    34.6100    27.4404    1468.71    1462.95 0.0000e+00
       3568     74.000     4.3862  32.617662     0.0000    -1.8984    34.6260    27.4477    1468.95    1463.03 0.0000e+00
       3604     75.000     4.3984  32.631732     0.0000    -1.8980    34.6292    27.4489    1469.02    1463.11 0.0000e+00
       3640     76.000     4.4155  32.652434     0.0000    -1.8974    34.6351    27.4517    1469.12    1463.19 0.0000e+00
       3676     77.000     4.4254  32.665561     0.0000    -1.8971    34.6396    27.4542    1469.18    1463.27 0.0000e+00
       3712     78.000     4.4664  32.714987     0.0000    -1.8951    34.6541    27.4612    1469.39    1463.34 0.0000e+00
       3754     79.000     4.4906  32.742943     0.0000    -1.8941    34.6610    27.4640    1469.51    1463.42 0.0000e+00
       3819     80.000     4.4762  32.732350     0.0000    -1.8951    34.6632    27.4673    1469.47    1463.50 0.0000e+00
