data/CTD/Adventfjorden/221031/Sta0008.cnv
* Sea-Bird SBE 9 Data File:
* FileName = C:\Users\CTD\Documents\AGF311-2022\sta008.hdr
* Software Version Seasave V 7.26.7.121
* Temperature SN = 2313
* Conductivity SN = 1878
* Number of Bytes Per Scan = 26
* Number of Voltage Words = 1
* Number of Scans Averaged by the Deck Unit = 1
* NMEA Latitude = 78 16.02 N
* NMEA Longitude = 015 28.97 E
* NMEA UTC (Time) = Oct 31 2022  20:21:23
** Echo Depth: 98
** UNIS Station: A2
** Operator: RE
# nquan = 11                                
# nvalues = 92                          
# units = specified
# name 0 = scan: Scan Count
# name 1 = prDM: Pressure, Digiquartz [db]
# name 2 = t090C: Temperature [ITS-90, deg C]
# name 3 = c0mS/cm: Conductivity [mS/cm]
# name 4 = sbeox0V: Oxygen raw, SBE 43 [V]
# name 5 = sbeox0ML/L: Oxygen, SBE 43 [ml/l], WS = 2
# name 6 = sal00: Salinity, Practical [PSU]
# name 7 = sigma-t00: Density [sigma-t, kg/m^3 ]
# name 8 = svCM: Sound Velocity [Chen-Millero, m/s]
# name 9 = avgsvCM: Average Sound Velocity [Chen-Millero, m/s], minP = 20, minS = 20
# name 10 = flag: flag
# span 0 =        567,       4452       
# span 1 =      1.000,     92.000       
# span 2 =     1.9552,     4.5142       
# span 3 =  29.800548,  32.796123       
# span 4 =    -0.1735,     0.0017       
# span 5 =    -3.7813,    -0.7687       
# span 6 =    33.8218,    34.7583       
# span 7 =    27.0311,    27.5484       
# span 8 =    1456.37,    1469.58       
# span 9 =       0.00,    1464.45       
# span 10 = 0.0000e+00, 0.0000e+00      
# interval = decibars: 1                
# start_time = Feb 06 2116 11:27:12 [System UTC, header]
# bad_flag = -9.990e-29
*END*
        567      1.000     1.9552  29.800548 -4.881e-08    -2.0174    33.8218    27.0311    1456.37       0.00 0.0000e+00
        619      2.000     2.0471  29.903597 -5.669e-08    -2.0121    33.8520    27.0483    1456.83       0.00 0.0000e+00
        670      3.000     2.1654  30.029880 -6.836e-08    -2.0055    33.8827    27.0636    1457.40       0.00 0.0000e+00
        718      4.000     2.2531  30.131028 -8.393e-08    -2.0005    33.9145    27.0821    1457.84       0.00 0.0000e+00
        764      5.000     2.3563  30.249085 -1.034e-07    -1.9946    33.9505    27.1025    1458.35       0.00 0.0000e+00
        808      6.000     2.3194  30.217593 -1.260e-07    -1.9969    33.9503    27.1053    1458.21       0.00 0.0000e+00
        851      7.000     2.2400  30.128395 -1.520e-07    -2.0018    33.9235    27.0904    1457.84       0.00 0.0000e+00
        891      8.000     2.2019  30.082808 -1.799e-07    -2.0044    33.9069    27.0801    1457.67       0.00 0.0000e+00
        930      9.000     2.2680  30.161859 -2.102e-07    -2.0007    33.9342    27.0966    1458.01       0.00 0.0000e+00
        967     10.000     2.3705  30.279071 -2.435e-07    -1.9949    33.9698    27.1168    1458.52       0.00 0.0000e+00
       1005     11.000     2.3620  30.269821 -2.808e-07    -1.9956    33.9668    27.1151    1458.50       0.00 0.0000e+00
       1043     12.000     2.4046  30.319423 -3.208e-07    -1.9934    33.9823    27.1240    1458.72       0.00 0.0000e+00
       1080     13.000     2.4906  30.422854 -3.642e-07    -1.9885    34.0181    27.1455    1459.15       0.00 0.0000e+00
       1116     14.000     2.5188  30.458163 -4.095e-07    -1.9870    34.0311    27.1535    1459.31       0.00 0.0000e+00
       1152     15.000     2.5605  30.504240 -4.579e-07    -1.9849    34.0430    27.1595    1459.52       0.00 0.0000e+00
       1188     16.000     2.6337  30.584327 -5.094e-07    -1.9810    34.0632    27.1694    1459.88       0.00 0.0000e+00
       1225     17.000     2.7186  30.676467 -5.663e-07    -1.9764    34.0856    27.1800    1460.29       0.00 0.0000e+00
       1263     18.000     2.7574  30.720401 -6.282e-07    -1.9744    34.0978    27.1864    1460.49       0.00 0.0000e+00
       1301     19.000     2.7882  30.760996 -6.927e-07    -1.9728    34.1143    27.1969    1460.66       0.00 0.0000e+00
       1339     20.000     2.7979  30.778887 -7.619e-07    -1.9724    34.1253    27.2048    1460.73    1460.73 0.0000e+00
       1377     21.000     2.8009  30.786021 -8.345e-07    -1.9724    34.1303    27.2086    1460.77    1460.74 0.0000e+00
       1417     22.000     2.8159  30.804769 -9.129e-07    -1.9718    34.1368    27.2124    1460.86    1460.74 0.0000e+00
       1457     23.000     2.9042  30.900486 -5.258e-07    -1.9671    34.1596    27.2228    1461.28    1460.76 0.0000e+00
       1498     24.000     2.9466  30.946630 -4.998e-09    -1.9649    34.1704    27.2276    1461.49    1460.79 0.0000e+00
       1538     25.000     2.9820  30.983460 -2.280e-20    -1.9835    34.1772    27.2299    1461.67    1460.83 0.0000e+00
       1579     26.000     3.0570  31.063165    -0.1735    -3.7813    34.1942    27.2366    1462.03    1460.88 0.0000e+00
       1622     27.000     3.1044  31.116023     0.0017    -0.7802    34.2077    27.2431    1462.27    1460.93 0.0000e+00
       1664     28.000     3.1413  31.155196 1.7850e-16    -1.9656    34.2156    27.2460    1462.45    1460.98 0.0000e+00
       1706     29.000     3.1906  31.207696    -0.0634    -2.8969    34.2266    27.2502    1462.69    1461.04 0.0000e+00
       1748     30.000     3.2181  31.235807     0.0002    -1.2055    34.2310    27.2512    1462.83    1461.10 0.0000e+00
       1788     31.000     3.2231  31.241608 8.2581e-11    -1.9604    34.2322    27.2516    1462.87    1461.16 0.0000e+00
       1830     32.000     3.2244  31.244279    -0.0022    -3.6234    34.2335    27.2526    1462.89    1461.21 0.0000e+00
       1870     33.000     3.2333  31.254422    -0.1358    -0.7687    34.2358    27.2536    1462.95    1461.26 0.0000e+00
       1911     34.000     3.2449  31.270284     0.0004    -1.9544    34.2422    27.2576    1463.02    1461.32 0.0000e+00
       1951     35.000     3.2511  31.277895     0.0000    -1.9509    34.2443    27.2587    1463.07    1461.37 0.0000e+00
       1991     36.000     3.2542  31.283379     0.0000    -1.9509    34.2471    27.2606    1463.10    1461.41 0.0000e+00
       2032     37.000     3.2544  31.285385     0.0000    -1.9511    34.2488    27.2619    1463.12    1461.46 0.0000e+00
       2074     38.000     3.2581  31.293067     0.0000    -1.9511    34.2536    27.2655    1463.16    1461.50 0.0000e+00
       2116     39.000     3.2729  31.317927     0.0000    -1.9504    34.2675    27.2751    1463.26    1461.55 0.0000e+00
       2156     40.000     3.2510  31.301165     0.0000    -1.9518    34.2699    27.2791    1463.18    1461.59 0.0000e+00
       2194     41.000     3.2387  31.294547     0.0000    -1.9526    34.2744    27.2838    1463.15    1461.63 0.0000e+00
       2233     42.000     3.2341  31.293456     0.0000    -1.9531    34.2774    27.2866    1463.15    1461.66 0.0000e+00
       2275     43.000     3.2230  31.285178     0.0000    -1.9539    34.2785    27.2886    1463.12    1461.70 0.0000e+00
       2316     44.000     3.2620  31.325443     0.0000    -1.9520    34.2854    27.2904    1463.32    1461.74 0.0000e+00
       2356     45.000     3.3229  31.386099     0.0000    -1.9490    34.2938    27.2914    1463.60    1461.78 0.0000e+00
       2395     46.000     3.3636  31.426678     0.0000    -1.9471    34.2992    27.2918    1463.80    1461.82 0.0000e+00
       2434     47.000     3.4067  31.469870     0.0000    -1.9450    34.3052    27.2925    1464.00    1461.87 0.0000e+00
       2473     48.000     3.4023  31.466357     0.0000    -1.9455    34.3051    27.2928    1464.00    1461.91 0.0000e+00
       2512     49.000     3.3817  31.447412     0.0000    -1.9469    34.3034    27.2934    1463.93    1461.95 0.0000e+00
       2551     50.000     3.3096  31.380377     0.0000    -1.9509    34.2982    27.2961    1463.63    1461.99 0.0000e+00
       2589     51.000     3.2000  31.278843     0.0000    -1.9570    34.2908    27.3006    1463.17    1462.01 0.0000e+00
       2627     52.000     3.1869  31.267517     0.0000    -1.9579    34.2904    27.3015    1463.13    1462.03 0.0000e+00
       2665     53.000     3.2321  31.315023     0.0000    -1.9557    34.2996    27.3045    1463.35    1462.06 0.0000e+00
       2705     54.000     3.2727  31.357445     0.0000    -1.9537    34.3073    27.3069    1463.55    1462.08 0.0000e+00
       2746     55.000     3.2883  31.374827     0.0000    -1.9531    34.3113    27.3086    1463.64    1462.11 0.0000e+00
       2785     56.000     3.3094  31.398058     0.0000    -1.9522    34.3165    27.3107    1463.75    1462.14 0.0000e+00
       2822     57.000     3.3655  31.457756     0.0000    -1.9494    34.3287    27.3151    1464.02    1462.17 0.0000e+00
       2859     58.000     3.3955  31.489380     0.0000    -1.9480    34.3346    27.3169    1464.17    1462.21 0.0000e+00
       2896     59.000     3.4970  31.601478     0.0000    -1.9427    34.3617    27.3288    1464.65    1462.25 0.0000e+00
       2933     60.000     3.4527  31.561811     0.0000    -1.9452    34.3603    27.3319    1464.48    1462.29 0.0000e+00
       2970     61.000     3.4950  31.617844     0.0000    -1.9430    34.3825    27.3455    1464.71    1462.33 0.0000e+00
       3008     62.000     3.6351  31.769902     0.0000    -1.9357    34.4165    27.3589    1465.36    1462.38 0.0000e+00
       3047     63.000     3.7403  31.882208     0.0000    -1.9303    34.4394    27.3666    1465.84    1462.43 0.0000e+00
       3086     64.000     3.7685  31.911920     0.0000    -1.9290    34.4446    27.3680    1465.99    1462.49 0.0000e+00
       3125     65.000     3.7788  31.923627     0.0000    -1.9287    34.4472    27.3690    1466.05    1462.54 0.0000e+00
       3164     66.000     3.8203  31.971090     0.0000    -1.9267    34.4595    27.3746    1466.25    1462.60 0.0000e+00
       3204     67.000     3.9676  32.131944     0.0000    -1.9191    34.4954    27.3881    1466.93    1462.66 0.0000e+00
       3243     68.000     4.0917  32.270935     0.0000    -1.9127    34.5292    27.4021    1467.51    1462.73 0.0000e+00
       3283     69.000     4.1885  32.384800     0.0000    -1.9077    34.5617    27.4178    1467.97    1462.81 0.0000e+00
       3320     70.000     4.2853  32.496548     0.0000    -1.9028    34.5915    27.4311    1468.43    1462.89 0.0000e+00
       3360     71.000     4.4234  32.659828     0.0000    -1.8957    34.6382    27.4533    1469.07    1462.97 0.0000e+00
       3400     72.000     4.5098  32.777377     0.0000    -1.8911    34.6851    27.4810    1469.51    1463.06 0.0000e+00
       3441     73.000     4.5142  32.796123     0.0000    -1.8910    34.7019    27.4939    1469.56    1463.15 0.0000e+00
       3481     74.000     4.5065  32.792790     0.0000    -1.8915    34.7055    27.4976    1469.55    1463.24 0.0000e+00
       3520     75.000     4.4977  32.788390     0.0000    -1.8922    34.7091    27.5014    1469.54    1463.32 0.0000e+00
       3558     76.000     4.4830  32.784715     0.0000    -1.8930    34.7197    27.5115    1469.51    1463.40 0.0000e+00
       3597     77.000     4.4569  32.772268     0.0000    -1.8944    34.7320    27.5241    1469.43    1463.48 0.0000e+00
       3636     78.000     4.4558  32.772079     0.0000    -1.8946    34.7324    27.5245    1469.44    1463.56 0.0000e+00
       3675     79.000     4.4557  32.772055     0.0000    -1.8949    34.7319    27.5242    1469.46    1463.63 0.0000e+00
       3715     80.000     4.4543  32.771296     0.0000    -1.8952    34.7320    27.5244    1469.47    1463.70 0.0000e+00
       3755     81.000     4.4233  32.744763     0.0000    -1.8970    34.7329    27.5285    1469.36    1463.77 0.0000e+00
       3796     82.000     4.4169  32.741740     0.0000    -1.8975    34.7355    27.5313    1469.35    1463.84 0.0000e+00
       3836     83.000     4.4169  32.746097     0.0000    -1.8977    34.7401    27.5349    1469.37    1463.91 0.0000e+00
       3876     84.000     4.4262  32.759200     0.0000    -1.8974    34.7452    27.5380    1469.43    1463.97 0.0000e+00
       3919     85.000     4.4246  32.758815     0.0000    -1.8977    34.7459    27.5387    1469.45    1464.04 0.0000e+00
       3966     86.000     4.4266  32.762535     0.0000    -1.8978    34.7476    27.5398    1469.47    1464.10 0.0000e+00
       4025     87.000     4.4277  32.764235     0.0000    -1.8980    34.7479    27.5400    1469.49    1464.16 0.0000e+00
       4111     88.000     4.4295  32.769914     0.0000    -1.8981    34.7522    27.5431    1469.52    1464.22 0.0000e+00
       4197     89.000     4.4289  32.774169     0.0000    -1.8983    34.7573    27.5472    1469.54    1464.28 0.0000e+00
       4279     90.000     4.4277  32.774277     0.0000    -1.8986    34.7581    27.5481    1469.56    1464.34 0.0000e+00
       4365     91.000     4.4264  32.773681     0.0000    -1.8990    34.7582    27.5483    1469.57    1464.40 0.0000e+00
       4452     92.000     4.4258  32.773641     0.0000    -1.8992    34.7583    27.5484    1469.58    1464.45 0.0000e+00
