data/CTD/Adventfjorden/221031/Sta0007.cnv
* Sea-Bird SBE 9 Data File:
* FileName = C:\Users\CTD\Documents\AGF311-2022\sta007.hdr
* Software Version Seasave V 7.26.7.121
* Temperature SN = 2313
* Conductivity SN = 1878
* Number of Bytes Per Scan = 26
* Number of Voltage Words = 1
* Number of Scans Averaged by the Deck Unit = 1
* NMEA Latitude = 78 16.24 N
* NMEA Longitude = 015 34.53 E
* NMEA UTC (Time) = Oct 31 2022  19:50:09
** Echo Depth: 42
** UNIS Station: 324
** Operator: RE
# nquan = 11                                
# nvalues = 38                          
# units = specified
# name 0 = scan: Scan Count
# name 1 = prDM: Pressure, Digiquartz [db]
# name 2 = t090C: Temperature [ITS-90, deg C]
# name 3 = c0mS/cm: Conductivity [mS/cm]
# name 4 = sbeox0V: Oxygen raw, SBE 43 [V]
# name 5 = sbeox0ML/L: Oxygen, SBE 43 [ml/l], WS = 2
# name 6 = sal00: Salinity, Practical [PSU]
# name 7 = sigma-t00: Density [sigma-t, kg/m^3 ]
# name 8 = svCM: Sound Velocity [Chen-Millero, m/s]
# name 9 = avgsvCM: Average Sound Velocity [Chen-Millero, m/s], minP = 20, minS = 20
# name 10 = flag: flag
# span 0 =        677,       2423       
# span 1 =      1.000,     38.000       
# span 2 =     2.4329,     3.5972       
# span 3 =  30.362881,  31.672091       
# span 4 =    -0.1586,     0.0007       
# span 5 =    -3.2410,    -1.2597       
# span 6 =    34.0102,    34.3522       
# span 7 =    27.1427,    27.3115       
# span 8 =    1458.72,    1464.72       
# span 9 =       0.00,    1461.90       
# span 10 = 0.0000e+00, 0.0000e+00      
# interval = decibars: 1                
# start_time = Feb 06 2116 10:55:59 [System UTC, header]
# bad_flag = -9.990e-29
*END*
        677      1.000     2.4484  30.374646 -5.387e-08    -1.9878    34.0102    27.1427    1458.77       0.00 0.0000e+00
        719      2.000     2.4329  30.362881 -6.022e-08    -1.9888    34.0116    27.1451    1458.72       0.00 0.0000e+00
        761      3.000     2.4402  30.369286 -7.014e-08    -1.9887    34.0112    27.1441    1458.76       0.00 0.0000e+00
        801      4.000     2.4469  30.375614 -8.286e-08    -1.9886    34.0113    27.1437    1458.81       0.00 0.0000e+00
        836      5.000     2.4594  30.387061 -9.782e-08    -1.9882    34.0116    27.1429    1458.88       0.00 0.0000e+00
        881      6.000     2.4554  30.383747 -1.212e-07    -1.9887    34.0112    27.1429    1458.88       0.00 0.0000e+00
        931      7.000     2.4552  30.384347 -1.513e-07    -1.9889    34.0116    27.1432    1458.89       0.00 0.0000e+00
        980      8.000     2.4509  30.381918 -1.854e-07    -1.9894    34.0126    27.1444    1458.89       0.00 0.0000e+00
       1029      9.000     2.4511  30.383648 -2.238e-07    -1.9897    34.0139    27.1455    1458.91       0.00 0.0000e+00
       1078     10.000     2.4507  30.382439 -2.671e-07    -1.9899    34.0123    27.1442    1458.92       0.00 0.0000e+00
       1130     11.000     2.4511  30.382901 -3.180e-07    -1.9902    34.0119    27.1438    1458.94       0.00 0.0000e+00
       1184     12.000     2.4522  30.384492 -3.756e-07    -1.9904    34.0121    27.1439    1458.96       0.00 0.0000e+00
       1238     13.000     2.4521  30.385351 -4.393e-07    -1.9906    34.0127    27.1444    1458.98       0.00 0.0000e+00
       1294     14.000     2.4689  30.405044 -5.085e-07    -1.9899    34.0186    27.1477    1459.08       0.00 0.0000e+00
       1346     15.000     2.5544  30.499523 -5.780e-07    -1.9852    34.0437    27.1606    1459.50       0.00 0.0000e+00
       1394     16.000     2.5339  30.478048 -6.479e-07    -1.9867    34.0384    27.1581    1459.42       0.00 0.0000e+00
       1446     17.000     2.5234  30.467021 -7.267e-07    -1.9875    34.0354    27.1566    1459.38       0.00 0.0000e+00
       1498     18.000     2.6127  30.567576 -8.108e-07    -1.9826    34.0638    27.1717    1459.82       0.00 0.0000e+00
       1548     19.000     2.6022  30.556161 -8.972e-07    -1.9835    34.0603    27.1698    1459.79       0.00 0.0000e+00
       1598     20.000     2.8336  30.814313 -6.357e-07    -1.9704    34.1308    27.2061    1460.89    1460.89 0.0000e+00
       1646     21.000     2.9226  30.916162 3.6875e-09    -1.9656    34.1603    27.2217    1461.33    1460.91 0.0000e+00
       1692     22.000     2.9411  30.936913 -5.513e-13    -3.2410    34.1654    27.2242    1461.43    1460.94 0.0000e+00
       1738     23.000     2.9580  30.955129    -0.1586    -1.3283    34.1692    27.2256    1461.53    1460.96 0.0000e+00
       1784     24.000     2.9662  30.963461     0.0005    -1.9661    34.1701    27.2256    1461.58    1460.99 0.0000e+00
       1830     25.000     2.9811  30.978442 -3.444e-11    -2.5314    34.1720    27.2258    1461.66    1461.02 0.0000e+00
       1876     26.000     2.9841  30.982203    -0.0602    -1.6167    34.1728    27.2262    1461.69    1461.04 0.0000e+00
       1921     27.000     3.0141  31.015893     0.0002    -1.9631    34.1815    27.2304    1461.85    1461.07 0.0000e+00
       1965     28.000     3.0977  31.109558 -1.355e-11    -3.1116    34.2064    27.2426    1462.25    1461.11 0.0000e+00
       2007     29.000     3.2424  31.276393    -0.1358    -1.2597    34.2550    27.2680    1462.95    1461.18 0.0000e+00
       2048     30.000     3.3356  31.384465     0.0007    -1.9482    34.2866    27.2844    1463.40    1461.25 0.0000e+00
       2090     31.000     3.3794  31.436197 1.9087e-24    -1.9425    34.3022    27.2927    1463.62    1461.33 0.0000e+00
       2132     32.000     3.4375  31.501720     0.0000    -1.9395    34.3193    27.3007    1463.91    1461.41 0.0000e+00
       2175     33.000     3.5040  31.571923     0.0000    -1.9362    34.3330    27.3052    1464.22    1461.49 0.0000e+00
       2219     34.000     3.5692  31.638749     0.0000    -1.9329    34.3439    27.3076    1464.53    1461.58 0.0000e+00
       2262     35.000     3.5739  31.644158     0.0000    -1.9329    34.3449    27.3079    1464.57    1461.67 0.0000e+00
       2311     36.000     3.5764  31.646830     0.0000    -1.9331    34.3450    27.3077    1464.59    1461.75 0.0000e+00
       2368     37.000     3.5843  31.656696     0.0000    -1.9329    34.3479    27.3093    1464.65    1461.83 0.0000e+00
       2423     38.000     3.5972  31.672091     0.0000    -1.9324    34.3522    27.3115    1464.72    1461.90 0.0000e+00
