HM=10.5;	       % mixed layer depth
TS=5.25;  % mixed layer temperature
SS=30.00;  % mixed layer salinity

TMP1=[...
0.00	5.50	30.00	0.000000	0.000000
2.00	5.50	30.00	0.000000	0.000000
4.00	5.50	30.00	0.000000	0.000000
6.00	5.50	30.00	0.000000	0.000000
8.00	5.50	30.00	0.000000	0.000000
10.00	5.50	30.00	0.000000	0.000000
12.00	5.00	30.00	0.000000	0.000000
14.00	5.00	30.00	0.000000	0.000000
16.00	5.00	30.00	0.000000	0.000000
18.00	5.00	30.00	0.000000	0.000000
20.00	5.00	30.00	0.000000	0.000000
22.00	5.00	30.00	0.000000	0.000000
24.00	5.00	30.00	0.000000	0.000000
26.00	5.00	30.00	0.000000	0.000000
28.00	5.00	30.00	0.000000	0.000000
30.00	5.00	30.00	0.000000	0.000000
32.00	5.00	30.00	0.000000	0.000000
34.00	5.00	30.00	0.000000	0.000000
36.00	5.00	30.00	0.000000	0.000000
38.00	5.00	30.00	0.000000	0.000000
40.00	5.00	30.00	0.000000	0.000000
42.00	5.00	30.00	0.000000	0.000000
44.00	5.00	30.00	0.000000	0.000000
46.00	5.00	30.00	0.000000	0.000000
48.00	5.00	30.00	0.000000	0.000000
50.00	5.00	30.00	0.000000	0.000000
];

